# w_1 w_2 VF c_1 c_2 u_1 u_2 fut_util_1_1 fut_util_1_2 fut_util_2_1 fut_util_2_2 pen_1 pen_2 pen_u_1 pen_u_2 
9.604009732260722743e+00 7.007770558642794967e+00 -2.820501083281326871e+00 1.000000000000000000e+00 4.408531485086552570e-01 1.980099997500124775e+00 1.308093126259201711e+00 5.929805104798058224e-02 -1.619368965188683618e-01 -7.841195913564302789e-01 -6.104086405480971256e-02 1.672409989916914851e-12 1.840436223560226736e-12 4.984825150332728057e-03 1.305924118844004056e-12
4.548120822691328335e+00 9.115862435140696718e+00 -6.319317330332826721e+00 1.611989281080303815e-01 8.711092298884670626e-01 7.832443798415693603e-01 1.846777886070520625e+00 -1.128395131572843685e-01 -7.554465923141765460e-01 7.294867548293956228e-01 1.242588893416517876e-01 1.055056216003880110e-12 1.272572758975742957e-12 9.980935349040986893e-13 8.300114068271469137e-13
6.386061293213034951e+00 7.832759696642243696e+00 -3.778853836515128073e+00 4.492654323103614789e-01 7.272528443121698549e-01 1.320697676881006810e+00 1.685701999622758906e+00 -4.501777989961582016e-02 -1.101750969227003607e-01 2.024054971852151941e-01 2.694717117364751197e-02 0.000000000000000000e+00 0.000000000000000000e+00 0.000000000000000000e+00 0.000000000000000000e+00
1.768290435342569467e+00 3.476141030923462605e+00 1.123828973536189935e+00 2.893264851913438657e-03 1.380568300452654495e-01 8.942157111624512988e-02 7.233978284636177758e-01 -1.808068143810956027e-02 -6.433689144906179491e-02 1.795585150373982808e-01 4.431033629060339429e-02 0.000000000000000000e+00 0.000000000000000000e+00 0.000000000000000000e+00 0.000000000000000000e+00
5.755565769288494060e+00 2.853679446491186766e+00 7.302217185795356613e-01 1.467287474816731385e-01 2.348973567571134222e-02 7.463648241016390683e-01 2.871886004622238309e-01 1.255799900506189004e-01 -1.549580661078537036e-01 -8.524260095373749069e-01 -4.910269909592837601e-02 0.000000000000000000e+00 0.000000000000000000e+00 0.000000000000000000e+00 0.000000000000000000e+00
4.483628032686894471e+00 1.750403706969988038e+00 6.866551376206917467e-01 1.554973875250309778e-01 1.025329212504170148e-16 7.689265085962346813e-01 1.025329212504170098e-14 9.012279770785662503e-02 -1.763286913239112963e-01 -6.590349788535472264e-01 -3.702503778169346366e-02 3.054076089248347614e-13 2.931047958732108452e-13 2.748699705346080435e-13 2.898572410602517566e-13
3.517318536497691106e+00 6.157172906778237476e+00 -1.481703565311986992e+00 1.388476191317676300e-01 4.009918389030163177e-01 7.255142959110393308e-01 1.246644795286998342e+00 -7.577935346462968957e-02 -3.158331991180500786e-01 4.031562956368765493e-01 7.163926429318356881e-02 0.000000000000000000e+00 0.000000000000000000e+00 0.000000000000000000e+00 0.000000000000000000e+00
4.770540085916501916e+00 4.364145335278950988e+00 3.005920769216547939e-01 2.588671390837920527e-01 1.946171406099905243e-01 9.977764624710341312e-01 8.625449006521711537e-01 6.436693596874239545e-03 -7.062314943162799341e-02 -3.178139944993286226e-01 -1.014605791721875580e-02 3.733706052666541098e-13 3.982547798486724133e-13 3.460572757171820335e-13 3.240016761829611625e-13
4.032291221904388934e+00 2.033944791998589352e+00 9.984388938843569150e-01 1.521827933985060999e-01 0.000000000000000000e+00 7.604782555782022557e-01 0.000000000000000000e+00 6.061851069761150373e-02 -1.490350261641020801e-01 -5.486884039505625088e-01 -1.031084989740621571e-02 0.000000000000000000e+00 0.000000000000000000e+00 0.000000000000000000e+00 0.000000000000000000e+00
6.584210450701793782e+00 7.770644041645460298e+00 -3.666949967931356191e+00 4.977630114956397289e-01 6.957468758964245881e-01 1.391191694011635560e+00 1.648355186818752705e+00 -4.121755573397861694e-02 -5.067698826595237044e-02 1.515960159679838326e-01 2.248689102754401412e-02 1.282729998608456157e-12 1.302270791203596900e-12 1.141439373575359184e-12 1.140707320268496971e-12
2.082733282300016864e+00 6.700055658186665930e+00 -2.410770046533728284e+00 1.275293951405150235e-03 5.465334652041026198e-01 5.417207977861719648e-02 1.458699256499671248e+00 -8.799511303225514280e-02 -7.137046530322052051e-01 8.481626674274966859e-01 1.150713854565055122e-01 0.000000000000000000e+00 0.000000000000000000e+00 0.000000000000000000e+00 0.000000000000000000e+00
1.086433942609212666e+00 5.185407257565338490e+00 -6.725056931926349790e-01 0.000000000000000000e+00 3.029066275961422305e-01 0.000000000000000000e+00 1.080930028739544246e+00 -8.971739335750124333e-02 -5.728965891626491835e-01 7.161469672307060330e-01 1.089883057236329666e-01 1.320608886481491591e-13 1.508346399170523711e-13 1.606431505267272590e-13 1.413131764382846711e-13
2.237713016366424057e+00 5.526885560824235988e+00 -8.321357472713124537e-01 1.166929488082449166e-02 3.325017520435044061e-01 1.969728041898958504e-01 1.133442416766019312e+00 -6.352481522558880989e-02 -4.396277807034512097e-01 5.399774996110060510e-01 8.824753683511857294e-02 1.010329081681249352e-12 1.100333366088612763e-12 9.136006838203480918e-13 8.419723251940069986e-13
5.816830479317998126e+00 6.751603252553008971e+00 -2.157069413999220586e+00 2.925530472870671028e-01 4.827765588293879140e-01 1.061948432205742643e+00 1.369794200211331248e+00 -1.469728107231659670e-02 1.452378236015930760e-02 -2.404316134091234302e-03 2.380218262298385706e-02 0.000000000000000000e+00 0.000000000000000000e+00 0.000000000000000000e+00 0.000000000000000000e+00
7.379596668481658739e+00 2.253904627281869910e+00 1.688006454292683145e-01 1.616191419267212492e-01 1.189498893174115667e-15 7.842963144809222964e-01 1.189498893174115533e-13 2.192273366128349721e-01 -2.326612705414018989e-01 -1.229163099612351484e+00 -9.229356498260510300e-02 5.238405195728823571e-13 6.446632693678710710e-13 5.069490834064271922e-13 6.209310274068666202e-13
8.018338373686599851e+00 6.243159389891005162e+00 -1.752449153939769744e+00 3.337133843794939936e-01 3.399852863861144714e-01 1.135531716033832517e+00 1.146345767571410379e+00 1.013256338503479986e-01 -7.814627849465377585e-02 -5.890778276208921138e-01 -3.794540394909916986e-02 1.259514953270979287e-13 1.040092491300104172e-13 5.675521901407631908e-14 7.684738262403456588e-14
1.939390584145533447e+00 1.512066116201447485e+00 1.267902827738362603e+00 9.691552373929722408e-02 1.049256764679039127e-15 6.029562030807863460e-01 1.049256764679039064e-13 -1.202744102952563350e-02 -1.069533129241853481e-01 -1.482791265138912185e-01 2.173134513939671553e-02 0.000000000000000000e+00 0.000000000000000000e+00 0.000000000000000000e+00 0.000000000000000000e+00
4.767155119197958868e+00 9.083766285088218595e+00 -6.234038533580903874e+00 2.006806072703659072e-01 8.756030404382120214e-01 8.761743504442677244e-01 1.851585328609037573e+00 -1.113217908975007719e-01 -7.041161121584846860e-01 6.771073778130315413e-01 1.160356355422722946e-01 0.000000000000000000e+00 0.000000000000000000e+00 0.000000000000000000e+00 0.000000000000000000e+00
5.663479143666243054e+00 4.760451698222209593e+00 -1.150213088795766225e-01 2.626689824925581007e-01 2.171150446899941799e-01 1.005220608812130267e+00 9.121352938205857797e-01 3.924800903130060831e-02 -7.620272828867298565e-02 -4.359663180141871708e-01 -2.064464617084943096e-02 0.000000000000000000e+00 0.000000000000000000e+00 0.000000000000000000e+00 0.000000000000000000e+00
7.881378241924767991e+00 3.643089003364675893e+00 1.437858888858407624e-01 1.522057760025405937e-01 7.060674452242503285e-02 7.605283949409726851e-01 5.118233490020557275e-01 2.083688403425971170e-01 -1.755007006814030546e-01 -1.182305671889719134e+00 -9.364198421880158552e-02 0.000000000000000000e+00 0.000000000000000000e+00 0.000000000000000000e+00 0.000000000000000000e+00
2.694754823446287695e+00 4.102716372565468061e-01 -7.525633673113105715e-01 6.953284009995819304e-02 0.000000000000000000e+00 5.077700421990811730e-01 0.000000000000000000e+00 5.628907898853224151e-02 -8.205432745089953628e-02 -3.616330835849576597e-01 4.135928935270440088e-02 0.000000000000000000e+00 7.656000651203123675e-02 0.000000000000000000e+00 0.000000000000000000e+00
7.412388191127629256e+00 3.383553814476111921e+00 3.050554612820395306e-01 1.445804344942387132e-01 6.019667684994058771e-02 7.407386921602183705e-01 4.711163689560710632e-01 1.943275044698188625e-01 -1.741077786483993806e-01 -1.154580654444760324e+00 -8.906824446928880701e-02 1.475368221690032122e-13 1.446280161604418524e-13 1.297344393372257265e-13 1.310739711213315672e-13
5.328696690466093955e+00 4.617250823672046423e+00 3.798146400631807751e-02 2.444566346838482895e-01 2.091185108096220158e-01 9.690534203441776295e-01 8.948173401960762829e-01 3.050526493861056843e-02 -7.121174883359422669e-02 -3.909463988897856623e-01 -1.658096023995752136e-02 2.679267127169565610e-13 2.993161274389422033e-13 2.675314126048683461e-13 2.493222642230286112e-13
8.548947693944413118e+00 4.065083430251240082e-01 -3.349020361165635506e+00 2.696577381440392052e-01 0.000000000000000000e+00 1.018773989153233694e+00 0.000000000000000000e+00 2.703104587089303346e-01 -8.130166860227557024e-02 -1.518281718704282524e+00 7.668590684016270143e-02 0.000000000000000000e+00 2.350650071692840237e-01 0.000000000000000000e+00 0.000000000000000000e+00
9.873376414626235942e+00 8.709114403520281655e+00 -5.536063735601003621e+00 9.999999999999852340e-01 8.340339231743164605e-01 1.980099997500110121e+00 1.806624261294311085e+00 5.424714574877809170e-03 -8.212076552462137247e-02 -4.268719385572922187e-01 -3.661708139837967224e-02 4.282104226419945303e-13 4.131603913160031283e-13 2.105052062503008289e-02 3.620207432442068551e-13
7.554053459611136390e+00 2.533535291157885005e+00 2.422200234962748056e-01 1.498233761261427155e-01 0.000000000000000000e+00 7.544086471314903619e-01 0.000000000000000000e+00 2.235035096560482881e-01 -2.214682927448453076e-01 -1.243539013709121566e+00 -8.315805376464753540e-02 2.183869404759342103e-13 2.007450551410683640e-13 1.848209085775209815e-13 2.068894931268232609e-13
1.877214768937600642e+00 9.779364100960821204e+00 -8.130374636941903432e+00 1.958496064192933065e-15 9.609852765657280749e-01 1.958496064192932797e-13 1.940707370340232218e+00 -1.559035953812807906e-01 -1.410952679765379525e+00 1.283880822308430147e+00 2.422717730796075664e-02 7.548619453846239887e-13 8.570713583289091275e-13 7.776353824386660789e-13 1.575696166306255475e-01
7.718448371155090193e+00 3.582786465634047346e+00 1.923861779225788382e-01 1.491000952990217121e-01 7.203706585136915308e-02 7.525288669209495573e-01 5.171742312558164079e-01 2.027862537431586454e-01 -1.734448803648894477e-01 -1.177203213866977016e+00 -9.272582383442203036e-02 0.000000000000000000e+00 0.000000000000000000e+00 0.000000000000000000e+00 0.000000000000000000e+00
5.602137124908780130e+00 7.338247531426941528e+00 -3.020723302949309463e+00 2.092091696377802179e-01 5.674050802238406188e-01 8.950078211076056833e-01 1.486665672975682417e+00 -2.317866641722568163e-02 -1.114356042299997213e-01 3.194209702512124660e-01 4.611238166002036565e-02 3.028113784026009725e-13 3.271805569526886615e-13 2.612402481838582702e-13 2.391619888242324521e-13
4.418539005549521753e-02 5.777977662689077754e+00 -2.748845296483882095e+00 0.000000000000000000e+00 3.908665995261025317e-01 0.000000000000000000e+00 1.230556175716476242e+00 -8.837078010960985539e-03 -7.172395100176401916e-01 1.087788013292359190e+00 1.343371547749053485e-01 1.195624256033887972e-01 0.000000000000000000e+00 0.000000000000000000e+00 0.000000000000000000e+00
5.640446290498005943e+00 4.780489013765616413e-01 -1.919551573537139788e+00 7.776193670420326887e-02 0.000000000000000000e+00 5.380850359892380697e-01 0.000000000000000000e+00 1.909351215129779511e-01 -9.560978027517397226e-02 -9.501427076915333059e-01 2.941085721427137353e-02 0.000000000000000000e+00 1.297499806154439328e-01 0.000000000000000000e+00 0.000000000000000000e+00
1.613826541272650461e+00 9.887440858998742144e+00 -8.447144531820184099e+00 0.000000000000000000e+00 9.557463698663040130e-01 0.000000000000000000e+00 1.935353683211177511e+00 -1.681939852330369967e-01 -1.501402821065190851e+00 1.336989949545866585e+00 2.611825700376657622e-03 1.685960257553039851e-12 2.230996637431204022e-12 1.791812309988144838e-12 1.855139232651450698e-01
5.946903386107853073e+00 1.476557798117563491e+00 -1.499576574156424869e-01 1.582182268866179353e-01 0.000000000000000000e+00 7.757943296873618388e-01 0.000000000000000000e+00 1.701303049478974094e-01 -2.311414295393905971e-01 -9.812477343565307875e-01 -9.136387081934468912e-02 0.000000000000000000e+00 0.000000000000000000e+00 0.000000000000000000e+00 0.000000000000000000e+00
3.902152493731735117e+00 8.548127502372393494e+00 -5.330005859726865580e+00 1.408966965517779724e-01 8.795447052755713813e-01 7.309919426760944638e-01 1.855793211316595803e+00 -1.235616884542862504e-01 -7.634884192397447533e-01 8.008762350002542885e-01 1.128140045911095735e-01 9.511822753049958834e-13 9.834199427016798722e-13 8.115682605114304948e-13 7.955335609016733756e-13
1.100630491091294072e+00 8.014711690197604099e+00 -4.995507249744079559e+00 0.000000000000000000e+00 8.661171135166418900e-01 0.000000000000000000e+00 1.841424993148405242e+00 -1.675993557286679092e-01 -1.159410720810382323e+00 1.344615854380181830e+00 1.655597382964080766e-01 4.273026754318722258e-14 3.399450859697950023e-14 1.709438203130418383e-14 3.277933480205774686e-14
7.811347906290387222e+00 7.897177326978257916e+00 -3.863502266607960145e+00 6.765290266334473834e-01 6.937839522628106437e-01 1.625150003668594856e+00 1.646000270573887425e+00 -9.370864175858088091e-03 -3.381545355347292947e-02 -9.543979448593853387e-02 -5.011938889713094501e-03 0.000000000000000000e+00 0.000000000000000000e+00 0.000000000000000000e+00 0.000000000000000000e+00
4.026671844216388685e+00 7.164210757843711086e+00 -2.866739783400984010e+00 1.086068064313520792e-01 5.672558535536739166e-01 6.394146274022077803e-01 1.486467752695716849e+00 -6.871833188510743928e-02 -4.104617386946707303e-01 6.345228280675935251e-01 8.119545858661468551e-02 0.000000000000000000e+00 0.000000000000000000e+00 0.000000000000000000e+00 0.000000000000000000e+00
1.169704847708953332e-01 2.540389167038397567e+00 1.041499902027364755e+00 0.000000000000000000e+00 5.526467615405729339e-02 0.000000000000000000e+00 4.506039810965271619e-01 -2.339409695417346904e-02 -6.980173423530464105e-02 2.977370739881948780e-01 6.911164203555617003e-02 3.305899564690024939e-02 2.357872392608353528e-13 2.189597349451527722e-13 2.063892796199603094e-13
1.867763571955316282e+00 1.609469325742077350e+00 1.356131423099130373e+00 8.976296149637821853e-02 3.502920658276752198e-16 5.795528499543014522e-01 3.502934933215784899e-14 -1.571406377884251165e-02 -9.873737543068764055e-02 -1.286502223659383159e-01 2.859114484389270808e-02 4.921054883033626481e-13 4.742777215882218456e-13 4.613453716273419047e-13 4.740807068068881788e-13
4.902018560222440868e+00 1.528233180543824732e+00 3.127548756007687558e-01 1.592377647797622309e-01 0.000000000000000000e+00 7.783518990391281589e-01 0.000000000000000000e+00 1.161664619916049218e-01 -1.997102387812749458e-01 -7.586972498643576035e-01 -5.975552320120693095e-02 0.000000000000000000e+00 0.000000000000000000e+00 0.000000000000000000e+00 0.000000000000000000e+00
2.272554206912348551e+00 4.065151465285867793e+00 6.800021322343301478e-01 4.087774687371226526e-03 1.928447804788461784e-01 1.094260607260062468e-01 8.585156830060644007e-01 -1.145161488184364904e-02 -8.250296243786893469e-02 1.775595492745342396e-01 4.474043607164567699e-02 7.338283212874750325e-13 7.364569736862184214e-13 7.014213947942800318e-13 7.043972107474554188e-13
3.703600735827293100e+00 1.810808360985742604e+00 9.690909024989586840e-01 1.478239648869497103e-01 0.000000000000000000e+00 7.492276648765110458e-01 0.000000000000000000e+00 5.163228622214650898e-02 -1.502958845896309736e-01 -4.959879477500813150e-01 -1.233738016814830106e-02 2.494298170785391733e-13 2.467432826797327089e-13 2.519946057377708826e-13 2.563201150081965279e-13
3.957891769394307424e+00 5.125271296490315542e+00 -2.687208727297232258e-01 1.247648105778906835e-01 2.845389841081950033e-01 6.867243597616413675e-01 1.047041288524190872e+00 -2.077676529519265763e-02 1.248611581312930076e-02 -7.940128965811392089e-03 2.998420583862094341e-02 0.000000000000000000e+00 0.000000000000000000e+00 0.000000000000000000e+00 0.000000000000000000e+00
6.059232950912898374e+00 3.862746485802519558e+00 4.037659407577560700e-01 1.641694692044307069e-01 1.220103271208257123e-01 7.906037685661686520e-01 6.788944646118220128e-01 1.078182708771530246e-01 -1.159830866415456352e-01 -6.928100889834430953e-01 -5.060742041430502797e-02 1.242201870879644510e-13 1.203273591876552473e-13 8.880802994035152942e-14 1.015147167715557686e-13
5.330648462887509709e+00 1.966370966599643166e+00 5.894074221429157490e-01 1.494202835038753174e-01 0.000000000000000000e+00 7.533669624141172694e-01 0.000000000000000000e+00 1.282035671373005226e-01 -1.879944224082332194e-01 -8.227502082143851592e-01 -4.975502008363554690e-02 5.260045871091634240e-13 4.801891933262298143e-13 5.022813762134425986e-13 5.502181826474994430e-13
4.249489903871942253e+00 8.479292712525143827e+00 -5.154489332368630272e+00 1.078743329708388987e-01 8.746534638015599494e-01 6.371913398402797579e-01 1.850570575614689739e+00 -9.386045124760757086e-02 -6.567633212923451591e-01 7.235315132227729817e-01 1.003042965617017418e-01 9.685610874530375947e-13 1.008481926439985799e-12 8.867789044308266311e-13 8.502152974709797917e-13
9.128475805606138138e+00 3.772248655054769029e-01 -4.060625284052117756e+00 9.999916996520845647e-01 4.498819790494092524e-18 1.980099997500055942e+00 4.498819790494092617e-16 1.544048363788563805e-01 -7.544497310102886434e-02 -1.603840981710422220e+00 1.707945742939229183e-01 2.707112020366871947e-14 3.220190600381447332e-01 2.144360410487737220e-02 3.220250123909736832e-14
6.966728810556178431e+00 1.741622396236963244e+00 -1.659913437238724754e-01 1.683083865881748464e-01 6.348687402160487183e-16 8.007616875764639319e-01 6.348525186788783515e-14 2.109845197903843228e-01 -2.479605061316093317e-01 -1.172894470879751516e+00 -1.064391249258224287e-01 0.000000000000000000e+00 0.000000000000000000e+00 0.000000000000000000e+00 0.000000000000000000e+00
1.767111408963397245e+00 1.784699749120599810e+00 1.476733671097722578e+00 7.632516097496649943e-02 0.000000000000000000e+00 5.329119278115850289e-01 0.000000000000000000e+00 -2.043185900660019969e-02 -8.459296283605730049e-02 -9.544792072989806420e-02 4.014855942931096211e-02 0.000000000000000000e+00 0.000000000000000000e+00 0.000000000000000000e+00 0.000000000000000000e+00
6.625198615905678601e+00 6.102147255273012938e+00 -1.460099502515758374e+00 3.648165036042415044e-01 3.414098405390069146e-01 1.188166386678864095e+00 1.148786428058838460e+00 2.973735296223054339e-02 -5.096284772992105278e-02 -3.059008024814383053e-01 -6.568868573609479636e-03 0.000000000000000000e+00 0.000000000000000000e+00 0.000000000000000000e+00 0.000000000000000000e+00
1.665984526441604663e+00 9.666057389859478377e+00 -7.983265461262543994e+00 2.595903586937562668e-16 9.562373439941979081e-01 2.595903586937562510e-14 1.935851757274111629e+00 -1.657532164728355295e-01 -1.449446794514299475e+00 1.326193384245367479e+00 4.688851952807304019e-02 0.000000000000000000e+00 0.000000000000000000e+00 0.000000000000000000e+00 1.400338898482945404e-01
6.706143233921708635e+00 5.565468989149592538e+00 -9.424599937400017780e-01 3.332871449997472091e-01 3.012703957693270707e-01 1.134793760931388062e+00 1.077953599890446146e+00 5.462260522728953210e-02 -7.551893986720369101e-02 -5.336926326368460760e-01 -2.778092925042421543e-02 0.000000000000000000e+00 0.000000000000000000e+00 0.000000000000000000e+00 0.000000000000000000e+00
4.419885821405398652e+00 9.605703615969863662e+00 -7.297666632583403867e+00 1.234638026992102566e-01 9.843356281918995698e-01 6.830329060043225375e-01 1.964379794621650355e+00 -1.128025901830144589e-01 -8.708527297720638494e-01 7.756300558627673425e-01 5.895927430592032281e-02 0.000000000000000000e+00 0.000000000000000000e+00 0.000000000000000000e+00 6.422950297299082068e-02
4.968722487484273920e+00 9.622242167073151720e+00 -7.260605277182439643e+00 2.224526479631636078e-01 9.895115007528789697e-01 9.235108597958000543e-01 1.969589034363300240e+00 -1.138387814516831353e-01 -7.714988757347223114e-01 6.652128256095035663e-01 5.565156408473678762e-02 0.000000000000000000e+00 0.000000000000000000e+00 0.000000000000000000e+00 5.487779930377835458e-02
8.625117636679803468e+00 2.276830419951411333e+00 -1.748761257645625733e-01 2.684304501088822237e-01 8.197189698902509336e-17 1.016407100040546352e+00 8.197966181882123579e-15 2.550764701641643484e-01 -2.835433434369439842e-01 -1.484389719252030115e+00 -1.257450800213190945e-01 1.855459145702620383e-13 1.700476993712744279e-13 1.549916878867962922e-13 1.708673193677402637e-13
7.056833280371712647e+00 4.405214232768036808e+00 -5.902548213810021593e-02 1.930112245762784229e-01 1.752382841308031680e-01 8.588884805403921296e-01 8.174771338718973546e-01 1.350425486039177336e-01 -1.214659919084054851e-01 -8.124604249492215491e-01 -6.659322769097282546e-02 4.612721608756448211e-13 4.667594435958655197e-13 4.215640423549382731e-13 4.220495480877772820e-13
5.282514054761287881e+00 1.493761346799471923e+00 1.272896671772549837e-01 1.583595972469805380e-01 0.000000000000000000e+00 7.761496027947061283e-01 0.000000000000000000e+00 1.363934872388599673e-01 -2.118505743926991369e-01 -8.408426618371919181e-01 -7.204843418116226028e-02 1.034690128715043400e-12 9.692621833997435571e-13 8.782922306105334087e-13 9.506416971839922944e-13
6.513884093512921858e+00 4.331812212646818927e-01 -2.394770920529708746e+00 7.795043360324183102e-02 0.000000000000000000e+00 5.387595255135034789e-01 0.000000000000000000e+00 2.318322099398580638e-01 -8.663624425293636744e-02 -1.124702566675129800e+00 3.842095803655925373e-02 2.843879645664237898e-13 1.581624974347784762e-01 2.206377441860141175e-13 2.711764647333808273e-13
4.943868480691134160e+00 4.424038145687474888e+00 2.323823842832872799e-01 2.407584294691197391e-01 1.978533434497992405e-01 9.615473804686845982e-01 8.698476167869826359e-01 1.746487771342839987e-02 -6.959733505348293658e-02 -3.449526329326292329e-01 -1.277750793334536672e-02 5.234266796036446401e-13 5.212093777406945350e-13 4.844373600182416695e-13 4.907727869929434661e-13
7.861163532156772327e+00 3.016679391198843874e+00 2.626981330398656667e-01 1.397835053634494396e-01 1.628972213573278219e-02 7.280204700177949073e-01 2.360537307657326611e-01 2.283703635169882229e-01 -2.040664764904704664e-01 -1.276658418689509578e+00 -9.375987641838970377e-02 0.000000000000000000e+00 0.000000000000000000e+00 0.000000000000000000e+00 0.000000000000000000e+00
3.175770222014806965e+00 7.052490424793218970e+00 -2.776090523847957847e+00 6.631779833643856870e-02 5.607651115158885924e-01 4.954345365693669789e-01 1.477825549821243811e+00 -9.216228254010677690e-02 -5.835659705453924984e-01 8.038674127661502578e-01 1.002058428701721737e-01 0.000000000000000000e+00 0.000000000000000000e+00 0.000000000000000000e+00 0.000000000000000000e+00
5.870435501756229302e-01 8.830480305921259543e+00 -7.301593944689307669e+00 0.000000000000000000e+00 7.898543305907044232e-01 0.000000000000000000e+00 1.757593199692669472e+00 -1.174087100351245555e-01 -1.327295718918466871e+00 1.401446975358427771e+00 -1.225285980360698579e-01 4.808829364553225683e-02 4.384960276826443959e-13 4.203909793588546390e-13 2.766230280623256377e-01
5.458175340027917599e-01 8.844199695353282209e+00 -7.411485220626325976e+00 3.925622612571540810e-16 7.899910388379575155e-01 3.925546927555465815e-14 1.757747495291514417e+00 -1.091635068005583353e-01 -1.330578331031328387e+00 1.409865583250538457e+00 -1.246573961447813850e-01 5.639039701513482578e-02 0.000000000000000000e+00 0.000000000000000000e+00 2.788548047238729732e-01
3.046137412537868627e+00 6.190029987147744883e+00 -1.558582014546669114e+00 6.215361612655500440e-02 4.193907549238150567e-01 4.790147732944720627e-01 1.275369861226654189e+00 -7.286227049336414796e-02 -4.194188573010094179e-01 5.126072142909963159e-01 8.317880887268198908e-02 0.000000000000000000e+00 0.000000000000000000e+00 0.000000000000000000e+00 0.000000000000000000e+00
0.000000000000000000e+00 0.000000000000000000e+00 -8.382803861601697548e-01 5.620830824268717969e-16 0.000000000000000000e+00 5.620969004217136811e-14 0.000000000000000000e+00 9.381613768416685090e-14 3.100659470605441172e-13 1.710912720779658447e-01 1.089111088893814222e-01 9.801999798852155041e-03 8.821799819914467877e-02 0.000000000000000000e+00 0.000000000000000000e+00
2.038822959098320009e+00 2.754012483594372451e+00 1.488500570202255346e+00 1.263842409706473491e-01 5.702533973397658912e-02 6.912924854106994310e-01 4.580271085220048444e-01 -5.136947496824537801e-02 -5.306292891817351864e-02 -8.440896070951725561e-02 3.017475214680718706e-02 9.553143053096097015e-13 9.370895986265947997e-13 8.759264743651157259e-13 8.942185100030419775e-13
7.717438344817450613e+00 9.035741518734752731e+00 -5.912743939439737417e+00 5.984038849288719764e-01 8.824377684549831180e-01 1.527260933549256627e+00 1.858876158922397215e+00 -3.481656200730217504e-02 -7.063114893327775146e-02 4.380037107443791183e-02 3.087199314473042591e-02 0.000000000000000000e+00 0.000000000000000000e+00 0.000000000000000000e+00 0.000000000000000000e+00
4.825023068180305685e+00 5.957199779553294050e+00 -1.178008332142335135e+00 2.548970294684298477e-01 3.463538324760253029e-01 9.899446546329394581e-01 1.157215376124643536e+00 -3.422046876002710764e-02 8.135695329524567435e-03 7.143204096622361721e-02 3.525208418098239871e-02 0.000000000000000000e+00 0.000000000000000000e+00 0.000000000000000000e+00 0.000000000000000000e+00
0.000000000000000000e+00 9.900499987500625210e+00 -1.061571832613743105e+01 0.000000000000000000e+00 7.905514042280806786e-01 0.000000000000000000e+00 1.758381294753313950e+00 5.401148068854584385e-15 -1.541974582993224763e+00 1.519822192263883043e+00 -3.362071285725823366e-01 1.655341711511777170e-01 1.931224277718079918e-13 1.627550486420424434e-13 4.902924571412098365e-01
2.878492882633902905e+00 4.795830143829584280e+00 3.051214304269223021e-02 6.092979603241964470e-02 2.537800643306930004e-01 4.740841945106182842e-01 9.877390314680922767e-01 -4.196888147584088707e-02 -1.442689918058904508e-01 1.803554389562868621e-01 5.008459028856088180e-02 1.390414476262757937e-13 1.438710262036124732e-13 1.189625112828218700e-13 1.145021577553251291e-13
3.219050620014309416e+00 4.483611578099457873e+00 3.480251557417446406e-01 1.237350997289820564e-01 2.165438678298905462e-01 6.838043211273792110e-01 9.109096733104647958e-01 -3.957049296062307292e-02 -5.310497056104720656e-03 5.153415011390823780e-02 3.355032020313966634e-02 0.000000000000000000e+00 0.000000000000000000e+00 0.000000000000000000e+00 0.000000000000000000e+00
7.325848646267430375e+00 8.378051489696451526e+00 -4.702426000737737866e+00 5.587495504083177522e-01 8.256760394301149164e-01 1.475124925841058143e+00 1.797450191497529826e+00 -3.033398971612591422e-02 -7.283709161668622256e-02 7.813964560630905221e-02 1.569009081115502538e-02 2.611072165772942988e-13 3.242241544687551880e-13 2.748872093491505630e-13 2.030493828630852704e-13
4.243047793077649565e+00 5.560439122911784438e+00 -7.364603684042378973e-01 1.822728927480072869e-01 3.055791468399259858e-01 8.341028208502615504e-01 1.085775067898542501e+00 -3.498234385482597297e-02 -2.859400670427247881e-02 9.233179044734379781e-02 3.951784323823332584e-02 6.323063817328944403e-13 7.094242727989641395e-13 6.299624450561980282e-13 5.533906666244092776e-13
2.883520310756717109e+00 4.156026369197097559e+00 6.356539159689855722e-01 7.088620487856743535e-02 1.948359020280060749e-01 5.128654213249425053e-01 8.630394854577976282e-01 -2.825420819812917220e-02 3.418628264178525788e-03 5.959492663597472373e-02 3.181025588814746091e-02 7.413066471437246285e-13 7.907966816100842067e-13 6.773797018091998190e-13 6.404993722897156516e-13
2.533647788203802875e+00 3.597205005343140805e+00 1.079632416379759263e+00 5.119667837900047230e-02 1.434912553966213311e-01 4.329756128309212304e-01 7.378783915223823264e-01 -2.134837327505737653e-02 -1.027551910766761299e-02 3.322890429184374023e-02 2.749465709230347957e-02 0.000000000000000000e+00 0.000000000000000000e+00 0.000000000000000000e+00 0.000000000000000000e+00
5.339097272049648346e+00 6.300576796612345376e+00 -1.582178368433668325e+00 2.137309576168407166e-01 3.904886971833347875e-01 9.048383376372093334e-01 1.229950411061841553e+00 -8.598751596442917589e-03 1.759801745970310249e-02 2.879109656117898042e-02 3.005942548882375651e-02 0.000000000000000000e+00 0.000000000000000000e+00 0.000000000000000000e+00 0.000000000000000000e+00
1.520675911244503631e+00 2.515964396587504925e+00 1.608062894781774332e+00 2.906423600857264283e-02 3.810835225990871072e-02 3.215507927761010465e-01 3.709490103183224474e-01 -2.958197020696801474e-02 -3.163387754644132049e-02 2.108865636983103548e-03 4.234066559278160807e-02 6.213277844156241125e-13 6.232666292793620499e-13 5.988418243815622766e-13 6.114084932784535908e-13
6.264925056200411291e+00 7.261574055323706034e+00 -2.882245613219643232e+00 4.349787712148731056e-01 5.158296414403118479e-01 1.299210077076006886e+00 1.416572076246759515e+00 -3.282081284633275864e-02 -8.531227752464041331e-03 1.704318232177941261e-01 3.165610939982661104e-02 0.000000000000000000e+00 0.000000000000000000e+00 0.000000000000000000e+00 0.000000000000000000e+00
1.696560480674812688e+00 3.010007890187285540e+00 1.411997947365884798e+00 1.106886682804900102e-02 6.652811304982078622e-02 1.913659941202403569e-01 4.962580611201979353e-01 -2.004619448483069971e-02 -7.970026731448580370e-03 1.073800501720566097e-01 4.823392992172197136e-02 6.871461949789492429e-13 8.451204146220359092e-13 6.931505608202825908e-13 8.351171316978156511e-13
2.303788968271560211e+00 3.235006836557214438e+00 1.292484129191745268e+00 8.076451150761897180e-02 8.425262274390203643e-02 5.487340640965372440e-01 5.608799741745965628e-01 -3.564230416822373321e-02 -2.784563037956136120e-02 3.028801913997419826e-02 3.543620668979071547e-02 0.000000000000000000e+00 0.000000000000000000e+00 0.000000000000000000e+00 0.000000000000000000e+00
3.628766699114688965e+00 4.779417254764033451e+00 7.389398305920202858e-02 1.482239078475304228e-01 2.415615873033353511e-01 7.502568772948841058e-01 9.631907655231585208e-01 -3.468513070937710024e-02 1.431042667805032509e-04 1.453830444293871191e-02 3.115059159349833212e-02 0.000000000000000000e+00 0.000000000000000000e+00 0.000000000000000000e+00 0.000000000000000000e+00
7.119957215877001921e+00 7.671120372997510373e+00 -3.488205584024364647e+00 4.342866229919767895e-01 6.345156005222710727e-01 1.298160270300126928e+00 1.573261278535521335e+00 -1.328846267286475135e-03 4.162400238197312696e-03 2.761685753997148579e-02 1.097262059376364826e-02 0.000000000000000000e+00 0.000000000000000000e+00 0.000000000000000000e+00 0.000000000000000000e+00
7.579441181402462036e+00 8.676477616346703670e+00 -5.244167196306714018e+00 6.535100928462064251e-01 8.619084400974384996e-01 1.596923350820843579e+00 1.836893533521675392e+00 -3.947713591962884877e-02 -9.667788833903831480e-02 4.430034329222691525e-02 1.918456649810677470e-02 0.000000000000000000e+00 0.000000000000000000e+00 0.000000000000000000e+00 0.000000000000000000e+00
1.346341897917735730e+00 2.014910914160819910e+00 1.615725921072598936e+00 2.529554976226127197e-02 5.472981365579298848e-04 2.987287669912729871e-01 3.088418401427063184e-02 -2.184473794096019814e-02 -5.104874262236624299e-02 1.217901311125167176e-02 5.991558365319689383e-02 5.843496259788638625e-13 6.000261729534675514e-13 5.962832224509773127e-13 5.917201814252190384e-13
1.334650221335193843e+00 1.444649580081193374e+00 1.364179770609569076e+00 3.402868081515516424e-02 0.000000000000000000e+00 3.494888671056034513e-01 0.000000000000000000e+00 -1.222874028054001319e-02 -8.107167730305794850e-02 -2.729698437459139593e-02 3.515886174475214843e-02 0.000000000000000000e+00 0.000000000000000000e+00 0.000000000000000000e+00 0.000000000000000000e+00
9.900499987500625210e+00 0.000000000000000000e+00 -6.359123085207047055e+00 9.999900667378275321e-01 1.718634585051286407e-16 1.980099997500082809e+00 1.718674127996983737e-14 0.000000000000000000e+00 0.000000000000000000e+00 -1.758274381494293603e+00 2.462395147484530145e-01 1.003506661647308180e-12 3.974640066971987240e-01 1.758484434234598437e-01 9.161083607044290731e-13
1.042911789844378712e+00 9.470448348710674980e-01 8.612073280066532277e-01 7.954186151306708724e-03 5.379828408165017273e-17 1.594997054665105440e-01 5.379450696734654791e-15 8.116599027263034227e-03 -9.228205601950216497e-02 8.213763532450921038e-04 1.838246980343418227e-02 1.297959136004056546e-13 1.371019912047499387e-13 1.588140426458939380e-13 1.378633247465328379e-13
4.818101320897132389e+00 6.213797498147331844e+00 -1.488151789055178753e+00 2.481879558282858722e-01 3.851119846853592321e-01 9.765710895059150909e-01 1.221317774515775723e+00 -4.020831884867639289e-02 -3.897264119034365981e-02 1.281722910203564325e-01 4.115175215859018937e-02 9.160336334954055637e-13 9.256276300995125439e-13 8.197588658234722381e-13 8.197639615736829199e-13
6.818184483473066493e+00 7.308238631081019676e+00 -2.953013557586880999e+00 4.157170120329077845e-01 5.126840300566014585e-01 1.269678227956789085e+00 1.412186404449035759e+00 -3.172763129306373654e-03 -3.087924102369355751e-03 5.663325427502871601e-02 1.910831763028435909e-02 9.114398688905844814e-13 1.040625051407229051e-12 8.409376710608040817e-13 7.301550856986249727e-13
