#T1 T2 L2 LInf 
0.000000000000000000e+00 1.000000000000000000e+00 1.579595851591863442e-01 1.533912410841696383e+00
1.000000000000000000e+00 2.000000000000000000e+00 2.254711120175492134e-01 1.475670828037701554e+00
2.000000000000000000e+00 3.000000000000000000e+00 1.668321787189207261e-01 9.510759526561072263e-01
3.000000000000000000e+00 4.000000000000000000e+00 1.281337693042491066e-01 6.520980145276155104e-01
4.000000000000000000e+00 5.000000000000000000e+00 9.230234388285032954e-02 4.216323083708824471e-01
5.000000000000000000e+00 6.000000000000000000e+00 6.492819123936127701e-02 3.093258774462115945e-01
6.000000000000000000e+00 7.000000000000000000e+00 4.095844320128300825e-02 1.806769210775939771e-01
7.000000000000000000e+00 8.000000000000000000e+00 2.636121013318336315e-02 1.123539256328218439e-01
8.000000000000000000e+00 9.000000000000000000e+00 2.257332086827566059e-02 9.221011442068624553e-02
9.000000000000000000e+00 1.000000000000000000e+01 1.827091708312127485e-02 7.693737201104419721e-02
1.000000000000000000e+01 1.100000000000000000e+01 1.736162780044367415e-02 6.849346143019167943e-02
1.100000000000000000e+01 1.200000000000000000e+01 1.321214530204283151e-02 7.519935098038998955e-02
1.200000000000000000e+01 1.300000000000000000e+01 1.004080762410319502e-02 5.371143948011384422e-02
1.300000000000000000e+01 1.400000000000000000e+01 8.987718840340601367e-03 3.999738020039890485e-02
1.400000000000000000e+01 1.500000000000000000e+01 7.917642102183874986e-03 3.913819962648853318e-02
1.500000000000000000e+01 1.600000000000000000e+01 6.637209386943140541e-03 3.137542006280751028e-02
1.600000000000000000e+01 1.700000000000000000e+01 5.389350201704752076e-03 3.035629390979635231e-02
1.700000000000000000e+01 1.800000000000000000e+01 5.068250243314953093e-03 3.196418667945791214e-02
1.800000000000000000e+01 1.900000000000000000e+01 4.293868837076400546e-03 2.558884814826830126e-02
1.900000000000000000e+01 2.000000000000000000e+01 2.815076253085030747e-02 1.583672786166796520e-01
2.000000000000000000e+01 2.100000000000000000e+01 4.120182966512778676e-03 2.722908377938625460e-02
2.100000000000000000e+01 2.200000000000000000e+01 2.798738913614066612e-03 1.181785170903739378e-02
2.200000000000000000e+01 2.300000000000000000e+01 2.751076420722420746e-03 1.164429360914509201e-02
2.300000000000000000e+01 2.400000000000000000e+01 2.128345824904640492e-03 1.170075091833717301e-02
2.400000000000000000e+01 2.500000000000000000e+01 1.384568795677259059e-02 2.438764528218952676e-01
2.500000000000000000e+01 2.600000000000000000e+01 1.412157834137576107e-03 7.900674717116360976e-03
2.600000000000000000e+01 2.700000000000000000e+01 1.577613443329054302e-03 1.008039950961610830e-02
2.700000000000000000e+01 2.800000000000000000e+01 1.515395651661383602e-03 8.001311475438243129e-03
2.800000000000000000e+01 2.900000000000000000e+01 1.538488711725087034e-03 7.289030248851400585e-03
2.900000000000000000e+01 3.000000000000000000e+01 3.781439423250585775e-03 2.595027942499309598e-02
3.000000000000000000e+01 3.100000000000000000e+01 4.361932257307026169e-03 2.834922972079746695e-02
3.100000000000000000e+01 3.200000000000000000e+01 2.182384796735620941e-03 1.403588100754784435e-02
3.200000000000000000e+01 3.300000000000000000e+01 3.936315183441101845e-03 1.970265293524144437e-02
3.300000000000000000e+01 3.400000000000000000e+01 3.628396409232920866e-03 1.881002240023851510e-02
3.400000000000000000e+01 3.500000000000000000e+01 3.287023058764939124e-03 1.761139009420179327e-02
3.500000000000000000e+01 3.600000000000000000e+01 2.789981715951647331e-03 1.422955404204549051e-02
3.600000000000000000e+01 3.700000000000000000e+01 2.402324851033605952e-03 1.335915962995475569e-02
3.700000000000000000e+01 3.800000000000000000e+01 1.989429080446867507e-03 9.480422685288845269e-03
3.800000000000000000e+01 3.900000000000000000e+01 1.443286150085939558e-03 7.072157273728932672e-03
3.900000000000000000e+01 4.000000000000000000e+01 3.577273792277251355e-03 2.814929441950674016e-02
4.000000000000000000e+01 4.100000000000000000e+01 1.184308504673466968e-02 6.623237378043081436e-02
4.100000000000000000e+01 4.200000000000000000e+01 1.015364008243503646e-02 5.716269030622319475e-02
4.200000000000000000e+01 4.300000000000000000e+01 8.397222281764041979e-03 4.364538355397687419e-02
4.300000000000000000e+01 4.400000000000000000e+01 5.635460019011261437e-03 2.825491963686076191e-02
4.400000000000000000e+01 4.500000000000000000e+01 3.441733692624925935e-03 1.985890442652303925e-02
4.500000000000000000e+01 4.600000000000000000e+01 4.150486652470601091e-03 3.227796082756465706e-02
4.600000000000000000e+01 4.700000000000000000e+01 5.652220201265979044e-03 4.018847367989537150e-02
4.700000000000000000e+01 4.800000000000000000e+01 5.754295825282963912e-03 3.378448151533314237e-02
4.800000000000000000e+01 4.900000000000000000e+01 3.150723437522568761e-03 1.858822576006275221e-02
4.900000000000000000e+01 5.000000000000000000e+01 3.260725842902481228e-03 2.355059923960095211e-02
5.000000000000000000e+01 5.100000000000000000e+01 4.402995764802147653e-03 3.219111884959870856e-02
5.100000000000000000e+01 5.200000000000000000e+01 2.665614196307227596e-03 1.628194661815626082e-02
5.200000000000000000e+01 5.300000000000000000e+01 2.468260616296037539e-03 1.335387668777741899e-02
5.300000000000000000e+01 5.400000000000000000e+01 2.712321422074654917e-03 1.453332415413630119e-02
5.400000000000000000e+01 5.500000000000000000e+01 1.999317376707503320e-03 1.085566918885472187e-02
5.500000000000000000e+01 5.600000000000000000e+01 1.759761845951882857e-03 9.659931217559619698e-03
5.600000000000000000e+01 5.700000000000000000e+01 1.589785332188422846e-03 7.537182429006484760e-03
5.700000000000000000e+01 5.800000000000000000e+01 1.425055903763196600e-03 7.544186529011961441e-03
5.800000000000000000e+01 5.900000000000000000e+01 1.312537098131652015e-03 6.080496577863178653e-03
5.900000000000000000e+01 6.000000000000000000e+01 1.218941003863395489e-02 7.913144124648489874e-02
6.000000000000000000e+01 6.100000000000000000e+01 4.168097969749761343e-03 2.816982117164522348e-02
6.100000000000000000e+01 6.200000000000000000e+01 3.369697023260025907e-03 1.931277546503489678e-02
6.200000000000000000e+01 6.300000000000000000e+01 2.795577212481966094e-03 1.459450132535059300e-02
6.300000000000000000e+01 6.400000000000000000e+01 2.455817430993371530e-03 1.346340795717545884e-02
6.400000000000000000e+01 6.500000000000000000e+01 2.238944464280171256e-03 9.867170224365832965e-03
6.500000000000000000e+01 6.600000000000000000e+01 2.451255997833568651e-03 1.199862667439186709e-02
6.600000000000000000e+01 6.700000000000000000e+01 2.235389531745990074e-03 9.249178861737167995e-03
6.700000000000000000e+01 6.800000000000000000e+01 2.008541111028385243e-03 8.625627166158139625e-03
6.800000000000000000e+01 6.900000000000000000e+01 2.102134795088696131e-03 8.463617683214588738e-03
6.900000000000000000e+01 7.000000000000000000e+01 2.038345207569368378e-03 7.088213028617958156e-03
7.000000000000000000e+01 7.100000000000000000e+01 1.992135401590211085e-03 8.876898531397850456e-03
7.100000000000000000e+01 7.200000000000000000e+01 1.624687141539694337e-03 5.132585002219566817e-03
7.200000000000000000e+01 7.300000000000000000e+01 1.563551999321102261e-03 4.709221093978531100e-03
7.300000000000000000e+01 7.400000000000000000e+01 1.537216306993770352e-03 4.548152210056779013e-03
7.400000000000000000e+01 7.500000000000000000e+01 1.451603887703666529e-03 5.263437232475538102e-03
7.500000000000000000e+01 7.600000000000000000e+01 1.569591980932141025e-03 6.849801588095769111e-03
7.600000000000000000e+01 7.700000000000000000e+01 1.275780172697230444e-03 5.436339414144481831e-03
7.700000000000000000e+01 7.800000000000000000e+01 1.097320052553182228e-03 4.446370697362974495e-03
7.800000000000000000e+01 7.900000000000000000e+01 9.839752078243553784e-04 3.658192100141060589e-03
7.900000000000000000e+01 8.000000000000000000e+01 4.582965488251157862e-03 2.777920696510915305e-02
8.000000000000000000e+01 8.100000000000000000e+01 9.611960828250745888e-04 3.605741866593010873e-03
8.100000000000000000e+01 8.200000000000000000e+01 7.097294508105421972e-04 3.056842241347531956e-03
8.200000000000000000e+01 8.300000000000000000e+01 5.987668461677850707e-04 2.159427017164278033e-03
8.300000000000000000e+01 8.400000000000000000e+01 5.768583838137347807e-04 2.796804195363686123e-03
8.400000000000000000e+01 8.500000000000000000e+01 1.356733913170024347e-03 1.951431197609878113e-02
8.500000000000000000e+01 8.600000000000000000e+01 4.005670400274883246e-04 1.261720757949964106e-03
8.600000000000000000e+01 8.700000000000000000e+01 3.568683027659780185e-04 1.584128149574520706e-03
8.700000000000000000e+01 8.800000000000000000e+01 2.847549020437448934e-04 1.285114850496535356e-03
8.800000000000000000e+01 8.900000000000000000e+01 2.296683875765053785e-04 7.868622095051510095e-04
8.900000000000000000e+01 9.000000000000000000e+01 5.174613720265825931e-04 3.763175324116367973e-03
9.000000000000000000e+01 9.100000000000000000e+01 9.046679944601182608e-04 3.775921579427448955e-03
9.100000000000000000e+01 9.200000000000000000e+01 5.293731473762820511e-04 2.069582938928763230e-03
9.200000000000000000e+01 9.300000000000000000e+01 3.847525019336447451e-04 1.526431402088229868e-03
9.300000000000000000e+01 9.400000000000000000e+01 4.554607498142019184e-04 2.067271593425256716e-03
9.400000000000000000e+01 9.500000000000000000e+01 4.880894346581241992e-04 2.333386819554006484e-03
9.500000000000000000e+01 9.600000000000000000e+01 5.935784962917769764e-04 3.221618850062201930e-03
9.600000000000000000e+01 9.700000000000000000e+01 7.019925406043201225e-04 3.256183886115436403e-03
9.700000000000000000e+01 9.800000000000000000e+01 8.860899329414013851e-04 4.658339884074593103e-03
9.800000000000000000e+01 9.900000000000000000e+01 9.029508832500438703e-04 4.913632520469947765e-03
9.900000000000000000e+01 1.000000000000000000e+02 6.890732501946630634e-04 3.430593157558919047e-03
1.000000000000000000e+02 1.010000000000000000e+02 6.562451799493446668e-04 3.189161096573018064e-03
1.010000000000000000e+02 1.020000000000000000e+02 5.411332282733401829e-04 2.885415388754811877e-03
1.020000000000000000e+02 1.030000000000000000e+02 4.995030737351299722e-04 2.158505742358133531e-03
1.030000000000000000e+02 1.040000000000000000e+02 4.175438647949839249e-04 2.118449586679532759e-03
1.040000000000000000e+02 1.050000000000000000e+02 5.418225963546930216e-04 2.862775169898365904e-03
1.050000000000000000e+02 1.060000000000000000e+02 8.601662815751615065e-04 3.597614229272857490e-03
1.060000000000000000e+02 1.070000000000000000e+02 5.648238147503332768e-04 2.396139644834964760e-03
1.070000000000000000e+02 1.080000000000000000e+02 5.150100244724115008e-04 2.266705821849948274e-03
1.080000000000000000e+02 1.090000000000000000e+02 4.677020487414052961e-04 2.128793432066444172e-03
1.090000000000000000e+02 1.100000000000000000e+02 9.982563233920736367e-04 5.957072057914810856e-03
1.100000000000000000e+02 1.110000000000000000e+02 5.751075962671296869e-04 2.171165675087606117e-03
1.110000000000000000e+02 1.120000000000000000e+02 3.510427608819048769e-04 1.475896346654114897e-03
1.120000000000000000e+02 1.130000000000000000e+02 2.764619828018327358e-04 9.874998415129395985e-04
1.130000000000000000e+02 1.140000000000000000e+02 2.162263808142848636e-04 8.112956271494936502e-04
1.140000000000000000e+02 1.150000000000000000e+02 9.186928529565511255e-04 6.816666527654119054e-03
1.150000000000000000e+02 1.160000000000000000e+02 2.199865304617821919e-03 7.418603112251240597e-03
1.160000000000000000e+02 1.170000000000000000e+02 1.362333243307747724e-03 5.436039609229396247e-03
1.170000000000000000e+02 1.180000000000000000e+02 8.904606930105710572e-04 3.683073347464414261e-03
1.180000000000000000e+02 1.190000000000000000e+02 5.538686955325477926e-04 2.316713521155260632e-03
1.190000000000000000e+02 1.200000000000000000e+02 3.000320297577577060e-03 3.710624431441307547e-02
1.200000000000000000e+02 1.210000000000000000e+02 4.955838519199982656e-04 2.403172670096184564e-03
1.210000000000000000e+02 1.220000000000000000e+02 4.283378944850453748e-04 1.667197701630425237e-03
1.220000000000000000e+02 1.230000000000000000e+02 2.020179533061781658e-04 9.389539072844957628e-04
1.230000000000000000e+02 1.240000000000000000e+02 1.549709912929440403e-04 7.485121618419574843e-04
1.240000000000000000e+02 1.250000000000000000e+02 1.704118885931559576e-04 9.786564272979503352e-04
1.250000000000000000e+02 1.260000000000000000e+02 2.964005874489988369e-04 3.266408924500511894e-03
1.260000000000000000e+02 1.270000000000000000e+02 1.514227893912695969e-04 8.815165642179214559e-04
1.270000000000000000e+02 1.280000000000000000e+02 2.161939197594714337e-04 2.244978373359485593e-03
1.280000000000000000e+02 1.290000000000000000e+02 1.474272771933566976e-04 1.302792609644030887e-03
1.290000000000000000e+02 1.300000000000000000e+02 1.056733395938270472e-04 7.998332551911983704e-04
1.300000000000000000e+02 1.310000000000000000e+02 9.330730921782803920e-05 7.702130207877174199e-04
1.310000000000000000e+02 1.320000000000000000e+02 9.294677670684674839e-05 6.425166332032608606e-04
1.320000000000000000e+02 1.330000000000000000e+02 8.619228238599180498e-05 7.010613379403653634e-04
1.330000000000000000e+02 1.340000000000000000e+02 1.021850902003755009e-04 7.453702470680206383e-04
1.340000000000000000e+02 1.350000000000000000e+02 5.549923442474595601e-04 3.511237661973391419e-03
1.350000000000000000e+02 1.360000000000000000e+02 9.588338528031216043e-04 7.978353870338654105e-03
1.360000000000000000e+02 1.370000000000000000e+02 8.535299919705079119e-04 5.729750873773154993e-03
1.370000000000000000e+02 1.380000000000000000e+02 4.554346519204879201e-04 2.792078273991464854e-03
1.380000000000000000e+02 1.390000000000000000e+02 3.456245452761114775e-04 1.752322929826819007e-03
1.390000000000000000e+02 1.400000000000000000e+02 4.017439150242306262e-04 1.546288783458118522e-03
1.400000000000000000e+02 1.410000000000000000e+02 3.449043374673986333e-04 1.435840648439320978e-03
1.410000000000000000e+02 1.420000000000000000e+02 3.562295868978279786e-04 1.768589175003574231e-03
1.420000000000000000e+02 1.430000000000000000e+02 3.224510632361716903e-04 1.618514305204305555e-03
1.430000000000000000e+02 1.440000000000000000e+02 2.877689997725843682e-04 1.973168194320828496e-03
1.440000000000000000e+02 1.450000000000000000e+02 5.069975960362180191e-04 3.040525860982462927e-03
1.450000000000000000e+02 1.460000000000000000e+02 2.610106659037045480e-03 1.446491043118897611e-02
1.460000000000000000e+02 1.470000000000000000e+02 1.492639764293098676e-03 8.102301810570566518e-03
1.470000000000000000e+02 1.480000000000000000e+02 4.717571722970366130e-04 2.578424196183966375e-03
1.480000000000000000e+02 1.490000000000000000e+02 4.579300970237566520e-04 2.370755438623739757e-03
1.490000000000000000e+02 1.510000000000000000e+02 1.132905593447958766e-03 8.107730048583488419e-03
1.510000000000000000e+02 1.520000000000000000e+02 4.214959573503396033e-04 1.992038678438648371e-03
1.520000000000000000e+02 1.530000000000000000e+02 3.393799305460138381e-04 1.616466078404739945e-03
1.530000000000000000e+02 1.540000000000000000e+02 2.598814180493149470e-04 1.221807040228198478e-03
1.540000000000000000e+02 1.550000000000000000e+02 1.985456269229906299e-04 1.033818123761028702e-03
1.550000000000000000e+02 1.560000000000000000e+02 1.601896006441781467e-04 7.965888418660458260e-04
1.560000000000000000e+02 1.570000000000000000e+02 1.319077024915917083e-04 6.908956889509307742e-04
1.570000000000000000e+02 1.580000000000000000e+02 1.031702999595122153e-04 4.514256503863970098e-04
1.580000000000000000e+02 1.590000000000000000e+02 9.883329527495420712e-05 5.254837708555904971e-04
1.590000000000000000e+02 1.600000000000000000e+02 8.453859692158401649e-05 4.670800714693568883e-04
1.600000000000000000e+02 1.610000000000000000e+02 7.460370053355663660e-05 4.269342972165052208e-04
1.610000000000000000e+02 1.620000000000000000e+02 6.967999283857488461e-05 3.969655723710250250e-04
1.620000000000000000e+02 1.630000000000000000e+02 5.410990382267395001e-05 2.452264066162569678e-04
1.630000000000000000e+02 1.640000000000000000e+02 9.532353324734331738e-05 7.491442122585856896e-04
1.640000000000000000e+02 1.650000000000000000e+02 3.810833873525969889e-05 1.817928538522543738e-04
1.650000000000000000e+02 1.660000000000000000e+02 4.384954626085405541e-05 2.608051687304842499e-04
1.660000000000000000e+02 1.670000000000000000e+02 3.647991236549731441e-05 2.140189835122429567e-04
1.670000000000000000e+02 1.680000000000000000e+02 3.100268945422760171e-05 1.469558275905844056e-04
1.680000000000000000e+02 1.690000000000000000e+02 3.044687008500834459e-05 1.955807834215444552e-04
1.690000000000000000e+02 1.700000000000000000e+02 2.655080335173789016e-05 1.492055877068777575e-04
1.700000000000000000e+02 1.710000000000000000e+02 2.795888009897760191e-05 2.028464737658700024e-04
1.710000000000000000e+02 1.720000000000000000e+02 2.181448393599220249e-05 1.289434878703972812e-04
1.720000000000000000e+02 1.730000000000000000e+02 1.725545111519438053e-05 8.162290286147641711e-05
1.730000000000000000e+02 1.740000000000000000e+02 1.676586153367182923e-05 9.335538905167580696e-05
1.740000000000000000e+02 1.750000000000000000e+02 1.590325042956362538e-05 8.721403947980509489e-05
1.750000000000000000e+02 1.760000000000000000e+02 1.375562278220369608e-05 7.556820338987509729e-05
1.760000000000000000e+02 1.770000000000000000e+02 1.257722909673091334e-05 7.212198902351625183e-05
1.770000000000000000e+02 1.780000000000000000e+02 1.186957788268621681e-05 6.316553366171647073e-05
1.780000000000000000e+02 1.790000000000000000e+02 9.679911268285797455e-06 5.715459002483185767e-05
1.790000000000000000e+02 1.800000000000000000e+02 8.896879400727199938e-06 4.769827842373599425e-05
1.800000000000000000e+02 1.810000000000000000e+02 7.805773068632127144e-06 4.949052139658621373e-05
1.810000000000000000e+02 1.820000000000000000e+02 7.299654348618741220e-06 3.477638625547613781e-05
1.820000000000000000e+02 1.830000000000000000e+02 7.176324785851872709e-06 3.979594785096063716e-05
1.830000000000000000e+02 1.840000000000000000e+02 2.781253406037619485e-05 2.277969942963674885e-04
1.840000000000000000e+02 1.850000000000000000e+02 2.799745238391076772e-05 1.475045199980334182e-04
1.850000000000000000e+02 1.860000000000000000e+02 2.259247064821274115e-05 2.105746041348023991e-04
1.860000000000000000e+02 1.870000000000000000e+02 9.620912167891231399e-06 6.158958343903961699e-05
1.870000000000000000e+02 1.880000000000000000e+02 6.025368257349148137e-06 2.862703061377748950e-05
1.880000000000000000e+02 1.890000000000000000e+02 1.850812832535249093e-04 1.684376357106709019e-03
1.890000000000000000e+02 1.900000000000000000e+02 1.528131583292419854e-04 6.622976514517537119e-04
1.900000000000000000e+02 1.910000000000000000e+02 1.172051100239035487e-04 8.969402505726625958e-04
1.910000000000000000e+02 1.920000000000000000e+02 3.759252499707167635e-05 2.939229510398478490e-04
1.920000000000000000e+02 1.930000000000000000e+02 1.656405256529175216e-05 8.939176596481605440e-05
1.930000000000000000e+02 1.940000000000000000e+02 9.377572650569709602e-06 8.935272534172813530e-05
1.940000000000000000e+02 1.950000000000000000e+02 8.318800943569403086e-06 5.477822914766021398e-05
1.950000000000000000e+02 1.960000000000000000e+02 5.751682837802444946e-06 3.931749574051737224e-05
1.960000000000000000e+02 1.970000000000000000e+02 4.099402321836240407e-06 1.757914878839799994e-05
1.970000000000000000e+02 1.980000000000000000e+02 2.660410246442469342e-06 1.237739759976748527e-05
1.980000000000000000e+02 1.990000000000000000e+02 2.348098559478275860e-06 1.007996034653929062e-05
1.990000000000000000e+02 2.000000000000000000e+02 2.130343915606422985e-06 1.078428108345333914e-05
2.000000000000000000e+02 2.010000000000000000e+02 1.959251761765473687e-06 1.018563144230911013e-05
2.010000000000000000e+02 2.020000000000000000e+02 2.124419756384275583e-06 1.028187143416257453e-05
2.020000000000000000e+02 2.030000000000000000e+02 5.301782784854187854e-06 2.589515837964487049e-05
2.030000000000000000e+02 2.040000000000000000e+02 1.829863957341559322e-06 8.685411009432655440e-06
2.040000000000000000e+02 2.050000000000000000e+02 1.932006473344453536e-06 9.594337201664966962e-06
2.050000000000000000e+02 2.060000000000000000e+02 7.170933285523672788e-06 3.372856342406651620e-05
2.060000000000000000e+02 2.070000000000000000e+02 1.269035008262896776e-06 5.964653596968176082e-06
2.070000000000000000e+02 2.080000000000000000e+02 1.275143683104077097e-06 5.785984892296898598e-06
2.080000000000000000e+02 2.090000000000000000e+02 1.168444971752272704e-06 5.076470193916641473e-06
2.090000000000000000e+02 1.500000000000000000e+02 3.017247501798245995e-03 1.670809939468770669e-02
1.500000000000000000e+02 2.100000000000000000e+02 3.060115846564581861e-03 1.804307228798615950e-02
2.100000000000000000e+02 2.110000000000000000e+02 9.171525461609919537e-07 4.478642013940098605e-06
2.110000000000000000e+02 2.120000000000000000e+02 6.483979711902344490e-07 2.587448499390714547e-06
2.120000000000000000e+02 2.130000000000000000e+02 5.606953965310566365e-07 2.629247519738971728e-06
2.130000000000000000e+02 2.140000000000000000e+02 5.051420390019436961e-07 2.387915349714057378e-06
2.140000000000000000e+02 2.150000000000000000e+02 5.432294727762665390e-07 2.460411221163833671e-06
2.150000000000000000e+02 2.160000000000000000e+02 3.354654429779888551e-07 1.096094875098981854e-06
2.160000000000000000e+02 2.170000000000000000e+02 2.938722596903177825e-07 9.620057402428540091e-07
2.170000000000000000e+02 2.180000000000000000e+02 3.475079329143170976e-07 1.660644036042005107e-06
2.180000000000000000e+02 2.190000000000000000e+02 2.754893480992231909e-07 1.302052555343718075e-06
2.190000000000000000e+02 2.200000000000000000e+02 2.751249106854853558e-07 1.476664407828537282e-06
2.200000000000000000e+02 2.210000000000000000e+02 1.924878271039643514e-07 8.616782415524496012e-07
2.210000000000000000e+02 2.220000000000000000e+02 2.344851967723297446e-07 1.469137906135278056e-06
2.220000000000000000e+02 2.230000000000000000e+02 1.975681620842638349e-07 9.844277813639928532e-07
2.230000000000000000e+02 2.240000000000000000e+02 1.517812988919895618e-07 6.906840601452780074e-07
2.240000000000000000e+02 2.250000000000000000e+02 1.735537545303999360e-07 9.401076301121715651e-07
2.250000000000000000e+02 2.260000000000000000e+02 1.381146577242285384e-07 8.641296377639713640e-07
2.260000000000000000e+02 2.270000000000000000e+02 1.368230738545846236e-07 6.124635447274910397e-07
2.270000000000000000e+02 2.280000000000000000e+02 2.002813026981900965e-07 1.134862400297097981e-06
2.280000000000000000e+02 2.290000000000000000e+02 2.091235863466851796e-07 1.084037957361821199e-06
2.290000000000000000e+02 2.300000000000000000e+02 2.363497631998909969e-07 1.720938040251747338e-06
2.300000000000000000e+02 2.310000000000000000e+02 3.794144430854189358e-07 2.959960488365155335e-06
2.310000000000000000e+02 2.320000000000000000e+02 1.746977330242046857e-07 1.458417030799448997e-06
2.320000000000000000e+02 2.330000000000000000e+02 1.409124823124336211e-07 6.598067188419880550e-07
2.330000000000000000e+02 2.340000000000000000e+02 7.842859754988467359e-06 6.728415609867363439e-05
2.340000000000000000e+02 2.350000000000000000e+02 1.752360689621941102e-04 1.596596192610519370e-03
2.350000000000000000e+02 2.360000000000000000e+02 4.464002459750391195e-04 3.918272379270863401e-03
2.360000000000000000e+02 2.370000000000000000e+02 1.625153198845157520e-04 1.015030950136656517e-03
2.370000000000000000e+02 2.380000000000000000e+02 9.892223231463547774e-05 7.000188963174317934e-04
2.380000000000000000e+02 2.390000000000000000e+02 3.420525029768014006e-05 2.493140301272680766e-04
2.390000000000000000e+02 2.400000000000000000e+02 1.724293994333483748e-05 7.350537748914781839e-05
2.400000000000000000e+02 2.410000000000000000e+02 1.092993279315115981e-05 6.142865274123449917e-05
2.410000000000000000e+02 2.420000000000000000e+02 7.333229656122353430e-06 5.212994031751672400e-05
2.420000000000000000e+02 2.430000000000000000e+02 6.618851125513904111e-06 4.070356430008062812e-05
2.430000000000000000e+02 2.440000000000000000e+02 2.770493490106599142e-05 1.662067772421914932e-04
2.440000000000000000e+02 2.450000000000000000e+02 2.913621022566609904e-05 1.364800692747602389e-04
2.450000000000000000e+02 2.460000000000000000e+02 2.704152982484541169e-05 2.061515111363228410e-04
2.460000000000000000e+02 2.470000000000000000e+02 8.764462930752670619e-06 6.253531525955107319e-05
2.470000000000000000e+02 2.480000000000000000e+02 6.114567331990242554e-06 2.719447918454306261e-05
2.480000000000000000e+02 2.490000000000000000e+02 5.198308853001266831e-06 2.532260927957259418e-05
2.490000000000000000e+02 2.500000000000000000e+02 4.246615438409818700e-06 2.212389168056784448e-05
2.500000000000000000e+02 2.510000000000000000e+02 4.088006562905614969e-06 1.943845437568711280e-05
2.510000000000000000e+02 2.520000000000000000e+02 4.172132496771682987e-06 2.514939468688700668e-05
2.520000000000000000e+02 2.530000000000000000e+02 3.728558181536947734e-06 1.737207838248331002e-05
2.530000000000000000e+02 2.540000000000000000e+02 2.953646309327737521e-06 1.422022052523831827e-05
2.540000000000000000e+02 2.550000000000000000e+02 2.550054160926538104e-06 1.103028727634380060e-05
2.550000000000000000e+02 2.560000000000000000e+02 2.252977778902381397e-06 1.091441938487314027e-05
2.560000000000000000e+02 2.570000000000000000e+02 1.970426472503316410e-06 1.014246140401307062e-05
2.570000000000000000e+02 2.580000000000000000e+02 1.865107029850093832e-06 8.373897589474479935e-06
2.580000000000000000e+02 2.590000000000000000e+02 1.708731024306827452e-06 8.245059508865633919e-06
