# w_1 w_2 VF c_1 c_2 u_1 u_2 fut_util_1_1 fut_util_1_2 fut_util_2_1 fut_util_2_2 pen_1 pen_2 pen_u_1 pen_u_2 
1.920801946452144193e+00 1.401554111728558816e+00 1.228896186904121279e+00 3.789496538066407516e-01 5.101881258005995790e-01 1.211346109755477407e+00 1.408689104602813158e+00 -4.869609200240501146e-01 -1.953937518251350897e-02 -7.359608632920301430e-01 -2.031965014723142136e-03 1.800129489915036629e-12 1.189320614648076146e-12 5.103256809189221643e-01 1.204816953669085589e-12
9.096241645382654450e-01 1.823172487028139166e+00 9.334141430660810812e+00 1.618311125943089346e-01 8.700961146255338230e-01 7.848226741517844163e-01 1.845686056320315460e+00 -1.130148791916612133e-01 -7.547294592086527532e-01 7.287671840364819964e-01 1.243802037578308900e-01 5.371343406294424969e-13 5.075006789698285756e-13 4.521206915484796940e-13 4.703552902249786413e-13
1.277212258642606679e+00 1.566551939328448384e+00 7.615090983359600330e+00 4.505102700667441007e-01 7.293851680620417888e-01 1.322558732206448484e+00 1.688198077613505932e+00 -4.522456382446395778e-02 -1.105246578902673443e-01 2.016425925973589217e-01 2.666982917523649799e-02 1.637886441058222786e-12 1.501640690048863802e-12 1.501996010205841614e-12 1.052519074500046781e-12
3.536580870685138156e-01 6.952282061846923877e-01 1.116609113880551618e+01 2.800697934569122173e-03 1.379061596936358436e-01 8.772549832059001185e-02 7.229838555532812627e-01 -1.789222890523930326e-02 -6.419018195312814479e-02 1.794904403254402037e-01 4.435633328073215753e-02 0.000000000000000000e+00 0.000000000000000000e+00 0.000000000000000000e+00 0.000000000000000000e+00
1.151113153857698634e+00 5.707358892982372645e-01 3.444303780568528595e+00 1.251080567667830767e-01 1.130007174096674533e-01 6.876987178648188426e-01 6.526112813092341813e-01 -5.416873510779588452e-01 8.221337621975913224e-02 -6.365059488588460379e-01 1.435993780105450368e-01 0.000000000000000000e+00 1.283360019685608477e-01 5.247690821273902628e-01 2.846941432599336963e-14
8.967256065373786500e-01 3.500807413939975299e-01 3.781627610860354594e+00 1.250636772704931954e-01 1.135921131049784233e-01 6.875730607531866934e-01 6.543656565410358450e-01 -2.872633049592676624e-01 3.027142656225646489e-01 -3.825954777780179450e-01 3.638972808001922910e-01 1.357256015559744453e-12 3.488617034226506042e-01 2.703778882297916408e-01 1.099421239872682448e-12
7.034637072995381102e-01 1.231434581355647317e+00 1.037885188719426743e+01 1.375852967911347369e-01 4.009171721599446014e-01 7.221263639500475895e-01 1.246521339855260369e+00 -7.540291658006831321e-02 -3.154350742245520811e-01 4.035243144790200409e-01 7.165298156339572344e-02 0.000000000000000000e+00 0.000000000000000000e+00 0.000000000000000000e+00 0.000000000000000000e+00
9.541080171833001833e-01 8.728290670557899977e-01 8.027259946102653032e+00 2.644013867471552981e-01 2.003782937058257441e-01 1.008599555703052930e+00 8.754965764967289621e-01 -1.762043383200336821e-01 -5.132313877101927352e-02 -3.021350645911639043e-01 8.574696544664979492e-03 4.185584170923739578e-13 3.792843860164762937e-13 1.451507728021899091e-01 3.705439817827671511e-13
8.064582443808776535e-01 4.067889583997177927e-01 5.251384792232371979e+00 1.252746771113560365e-01 1.138158196138132627e-01 6.881714616992905542e-01 6.550284570421412988e-01 -1.969883428917024171e-01 2.460560513772576952e-01 -2.927455673752074605e-01 3.072037422728170486e-01 0.000000000000000000e+00 2.922316960285970544e-01 1.800425649894447921e-01 0.000000000000000000e+00
1.316842090140358579e+00 1.554128808329091838e+00 7.344201705307325412e+00 4.965614163639236467e-01 6.988391646541032287e-01 1.389491429370610209e+00 1.652052029112712095e+00 -4.102863744074027041e-02 -5.198803243702387888e-02 1.507326958467108957e-01 2.207613077254586692e-02 5.281816650715143169e-13 4.223764350427816616e-13 5.662996113708906876e-13 3.716330628650288403e-13
4.165466564600033283e-01 1.340011131637332875e+00 1.077472884509347217e+01 1.257983138934180628e-03 5.466403268020733064e-01 5.370184823144895370e-02 1.458845739856653001e+00 -8.794286508256521362e-02 -7.136863697459989719e-01 8.481580076289438885e-01 1.150551095280544223e-01 2.643819814766509846e-13 2.681912851520973362e-13 2.610284628419903830e-13 2.547775358741066754e-13
2.172867885218424944e-01 1.037081451513067520e+00 1.021389448000546807e+01 4.595948736326394963e-15 3.027491822124298571e-01 4.595948736326393985e-13 1.080643538213289068e+00 -8.971739335707999696e-02 -5.729205970779072121e-01 7.162569458213092766e-01 1.090201380044740070e-01 0.000000000000000000e+00 0.000000000000000000e+00 0.000000000000000000e+00 0.000000000000000000e+00
4.475426032732847670e-01 1.105377112164847020e+00 1.094108875050029717e+01 1.143443328038219395e-02 3.322717969545099792e-01 1.948063658676221499e-01 1.133034224942544466e+00 -6.328409985651851921e-02 -4.394688108133784077e-01 5.408703338502153235e-01 8.829289148188737557e-02 5.924544708990620023e-13 5.969851349374444283e-13 5.790420226636783241e-13 5.749571825586219376e-13
1.163366095863599403e+00 1.350320650510601572e+00 8.347778467777564160e+00 2.933893286572903381e-01 4.812930884962456912e-01 1.063501862644842033e+00 1.367650669648683648e+00 -1.486988445445716275e-02 1.439730913844432421e-02 -2.032725821458373529e-03 2.404035268561837899e-02 0.000000000000000000e+00 0.000000000000000000e+00 0.000000000000000000e+00 0.000000000000000000e+00
1.475919333696331437e+00 4.507809254563738821e-01 -1.003308130600194303e+00 1.252082411496072967e-01 1.140893428703511070e-01 6.879806700246496876e-01 6.558443860045628515e-01 -8.663436944840545717e-01 2.021625492624782860e-01 -9.616753983265995398e-01 2.632074646821370711e-01 1.285282508678084468e-13 2.483172795256460286e-01 8.494274066597855555e-01 6.394255784580860080e-14
1.603667674737319748e+00 1.248631877978200855e+00 3.706779434211040503e+00 3.418671678260217228e-01 3.689306411401010455e-01 1.149563791074321051e+00 1.194958882107164388e+00 -4.066990951079390570e-01 -2.305414904248217350e-02 -5.308288608878155568e-01 1.292709549234367407e-02 0.000000000000000000e+00 0.000000000000000000e+00 4.051724876065115888e-01 0.000000000000000000e+00
3.878781168291066117e-01 3.024132232402894638e-01 8.225032284841228503e+00 1.171041429735673600e-01 4.403663441670923467e-02 6.647087704454436308e-01 4.001749788224618909e-01 -4.957711372441487435e-02 1.654870901923008453e-01 -7.666566700467881967e-02 2.534619454929117333e-01 2.665296369025460521e-13 2.209555895117474855e-01 2.701664846699314282e-13 2.456347842141881621e-13
9.534310238395916626e-01 1.816753257017643453e+00 9.151880911684299846e+00 2.010618412193708182e-01 8.774736705114712931e-01 8.770309808694966014e-01 1.853578251664534493e+00 -1.114169720557110221e-01 -7.040522464566624228e-01 6.763843183790685387e-01 1.158141996473563140e-01 4.933890752553682368e-13 4.669392043160636163e-13 3.916573012088808703e-13 4.080369939499228771e-13
1.132695828733248478e+00 9.520903396444417854e-01 6.739970009376826887e+00 2.748737963628168912e-01 2.290793410526049678e-01 1.028764658563743550e+00 9.374538022703423623e-01 -2.744911766520957142e-01 -4.351633880795730686e-02 -4.099359458723789706e-01 1.111142846307642054e-02 0.000000000000000000e+00 0.000000000000000000e+00 2.488985441228183659e-01 0.000000000000000000e+00
1.576275648384953376e+00 7.286178006729350232e-01 7.549214527716134882e-01 1.546340238524817612e-01 1.377759615512375302e-01 7.667307419602783503e-01 7.226348555875266033e-01 -9.457123761690785502e-01 -4.777088986426211020e-02 -1.042419300360555523e+00 1.108918914306150985e-02 3.035807282641966864e-13 1.464425369163135926e-13 9.227136534746581686e-01 2.154177444063654079e-13
5.389509646892574057e-01 8.205432745130934735e-02 4.613171665320926706e+00 7.844653602332080089e-02 9.193007054067248163e-02 5.405284316143785794e-01 5.867316414375164380e-01 -1.776125462261542165e-02 5.499005459144373775e-01 -3.986554686055490682e-02 6.098614978332986825e-01 4.415864375550970777e-13 5.835156969810548766e-01 4.350129197833174644e-13 3.135922511249278344e-13
1.482477638225525585e+00 6.767107628952222509e-01 1.190409042464183997e+00 1.251290658673136769e-01 1.136011747748811307e-01 6.877605843712669698e-01 6.543946889224689922e-01 -8.730907309934827776e-01 -2.392404742266145481e-02 -9.692709106106156547e-01 3.726766270177103019e-02 0.000000000000000000e+00 2.222971133569686536e-02 8.561737855808722042e-01 0.000000000000000000e+00
1.065739338093218525e+00 9.234501647344091069e-01 7.230850597032406846e+00 2.708327653632747745e-01 2.190164378327036365e-01 1.021029551394045276e+00 9.162011469610585879e-01 -2.348512970731233274e-01 -4.648281867845632798e-02 -3.671267546326932307e-01 9.885443046093626146e-03 2.503262354347501883e-13 2.203786198667900820e-13 2.076651490718719184e-01 1.778965429827250588e-13
1.709789538788882401e+00 8.130166860502478776e-02 -7.036802326116871953e+00 1.252449867459013433e-01 1.152264309332097364e-01 6.880866733983100891e-01 6.591949617689495389e-01 -1.100235181632234660e+00 5.715887728151342051e-01 -1.195536739011507477e+00 6.322681141131653026e-01 1.307052204099420911e-13 6.177581608340690922e-01 1.083309478823942351e+00 1.019940384862534784e-13
1.974675282925246966e+00 1.741822880704055887e+00 1.565574802454625214e+00 7.908266268393963072e-01 8.529609627795887716e-01 1.758686670992297252e+00 1.827226475790383109e+00 -2.694461008905583155e-01 -2.710856515163670433e-02 -4.210806507286579681e-01 -5.631516766637735538e-03 0.000000000000000000e+00 0.000000000000000000e+00 2.606283575735601765e-01 0.000000000000000000e+00
1.510810691922227056e+00 5.067070582315769123e-01 -7.929603272458418672e-01 1.250613102228239626e-01 1.134113585855538453e-01 6.875661777551580478e-01 6.538312395100538410e-01 -9.014242247038058986e-01 1.462189445930629494e-01 -9.956666307513687419e-01 2.074609066498976084e-01 2.001559291572863053e-12 1.923342487068959161e-01 8.845132682449099448e-01 1.364028247990978215e-12
3.754429537875200729e-01 1.955872820192164019e+00 8.580042761348051883e+00 0.000000000000000000e+00 9.999999999999839018e-01 0.000000000000000000e+00 1.980099997500108566e+00 -1.563899241115897509e-01 -1.412722207594707013e+00 1.284014665689961587e+00 2.422717730773806324e-02 0.000000000000000000e+00 0.000000000000000000e+00 0.000000000000000000e+00 1.540680497702049678e-01
1.543689674231017772e+00 7.165572931268093804e-01 9.708409084305476000e-01 1.420372502131545533e-01 1.295036736199945693e-01 7.340280729724811826e-01 7.000104844304092522e-01 -9.222770485932851869e-01 -4.696198266025747303e-02 -1.019586546766803048e+00 1.219447538050904070e-02 0.000000000000000000e+00 0.000000000000000000e+00 9.016951568865070321e-01 0.000000000000000000e+00
1.120427424981755848e+00 1.467649506285388039e+00 8.534060433082881758e+00 2.103057310382204226e-01 5.653864679568927354e-01 8.974091526890383141e-01 1.483976696553675589e+00 -2.344548103749271445e-02 -1.114284413531603790e-01 3.197003118930646370e-01 4.641115681787524871e-02 0.000000000000000000e+00 0.000000000000000000e+00 0.000000000000000000e+00 0.000000000000000000e+00
8.837078011099041772e-03 1.155595532537815329e+00 7.925143871499974679e+00 0.000000000000000000e+00 3.807669890416017777e-01 0.000000000000000000e+00 1.214297288573170652e+00 9.597870388264555241e-02 -6.997473723975154991e-01 1.079215182737519818e+00 1.244974998027248286e-01 2.034150511179814436e-01 0.000000000000000000e+00 0.000000000000000000e+00 0.000000000000000000e+00
1.128089258099600922e+00 9.560978027531230605e-02 -1.076717594731229966e+00 1.253005750612586067e-01 1.142696268074153282e-01 6.882439913528006770e-01 6.563729470182930736e-01 -5.186022210405386579e-01 5.573255204921392369e-01 -6.146068364861755340e-01 6.183285070973560948e-01 0.000000000000000000e+00 6.034900709760676607e-01 5.016446235255340724e-01 0.000000000000000000e+00
3.227653082545300367e-01 1.977488171799748118e+00 7.925631101605475237e+00 0.000000000000000000e+00 1.000000000000000000e+00 0.000000000000000000e+00 1.980099997500124775e+00 -1.687464088662307682e-01 -1.501358254978772955e+00 1.336653758805864012e+00 2.611825700376657622e-03 7.560940195406740583e-13 8.232045460199869263e-13 7.414062528284331587e-13 1.815364731054175951e-01
1.189380677221570481e+00 2.953115596235126317e-01 3.073867614215863853e-01 1.251287643694325991e-01 1.139075006335491247e-01 6.877593354426874139e-01 6.553002543017617532e-01 -5.798326890752760754e-01 3.575997754535834017e-01 -6.752002830797511068e-01 4.186908025970621505e-01 0.000000000000000000e+00 4.037442889492955933e-01 5.629352514896208692e-01 0.000000000000000000e+00
7.804304987463468457e-01 1.709625500474478477e+00 9.861936786327129667e+00 1.419058364112566195e-01 8.804124196333402708e-01 7.336827476618441590e-01 1.856712842532555641e+00 -1.238606667862970634e-01 -7.637161077629269768e-01 8.013746327274131609e-01 1.127118233446416096e-01 0.000000000000000000e+00 0.000000000000000000e+00 0.000000000000000000e+00 0.000000000000000000e+00
2.201260982182587922e-01 1.602942338039520687e+00 9.151198080752953601e+00 0.000000000000000000e+00 8.651585670869822442e-01 0.000000000000000000e+00 1.840392118980871627e+00 -1.131821661006367774e-01 -1.146390404055153800e+00 1.342303583504729003e+00 1.596281476897090379e-01 4.353375170278619977e-02 3.182688487757268092e-13 3.431790604656381628e-13 2.996656742193515299e-13
1.562269581258077134e+00 1.579435465395651272e+00 5.428830968906428467e+00 6.721711138305760391e-01 6.967338792787204360e-01 1.619848842542346068e+00 1.649531665518155998e+00 -2.436905391719135228e-02 -3.158029633837759059e-02 -9.547606974428270166e-02 -3.672404145155470749e-03 6.282021354914210293e-14 5.127113565530621403e-14 1.246976611526026853e-02 4.878061062339096785e-14
8.053343688432775815e-01 1.432842151568741951e+00 9.933667601188528096e+00 1.086597198661361646e-01 5.664170065417268862e-01 6.395836700256425367e-01 1.485347456228139906e+00 -6.873711439878547880e-02 -4.103026129233010577e-01 6.345714049481427921e-01 8.131993597193105938e-02 8.341721410842772855e-14 7.230891233001024432e-14 7.245462910199229611e-14 7.550622453666999689e-14
2.339409695417906179e-02 5.080778334076794245e-01 9.111170060788625236e+00 3.624705754611131786e-14 5.066679359410908995e-02 3.624707414239552681e-12 4.306394926692613256e-01 7.866377178865247011e-02 -5.312318658493195983e-02 2.926231416856398537e-01 5.999015533378508624e-02 1.147052906419237100e-01 5.796201192620475950e-13 6.585811017699977181e-13 5.482571861781249112e-13
3.735527143910631898e-01 3.218938651484153923e-01 8.556418790682803532e+00 1.049747062460223701e-01 3.825293198237555287e-02 6.283097502093061282e-01 3.716804062604593395e-01 -4.745269401054869052e-02 1.352859461832944810e-01 -6.717373002878927746e-02 2.241840937559400060e-01 3.270153245416018706e-13 1.895126174642054184e-01 3.393331622636441836e-13 3.122204101160819256e-13
9.804037120444879516e-01 3.056466361087649131e-01 2.500506278206532151e+00 1.250803922238621635e-01 1.135419394586877767e-01 6.876219613468320668e-01 6.542168552573383034e-01 -3.707750360289632785e-01 3.472186504551589836e-01 -4.651445576796486292e-01 4.084212665850969204e-01 0.000000000000000000e+00 3.933706825006292873e-01 3.539102281551183560e-01 0.000000000000000000e+00
4.545108413824696103e-01 8.130302930571734477e-01 1.109776877128711270e+01 3.986637468315400688e-03 1.929136700356335055e-01 1.078593868497418340e-01 8.586704112823229096e-01 -1.127754000673615933e-02 -8.243695711902207512e-02 1.776864187849450660e-01 4.472324404092273276e-02 9.137883592164053326e-14 8.237052533111022257e-14 8.824614216446091675e-14 7.529675667694579744e-14
7.407201471654585312e-01 3.621616721971484543e-01 5.462492374069446655e+00 1.251120095650251063e-01 1.132896323615747575e-01 6.877107587168056479e-01 6.534684852063821214e-01 -1.311587509306271215e-01 2.907250857619509410e-01 -2.268662471892657351e-01 3.520165784479562521e-01 0.000000000000000000e+00 3.368725077407462853e-01 1.142707205191015596e-01 0.000000000000000000e+00
7.915783538788613294e-01 1.025054259298062931e+00 1.011589784235092537e+01 1.242656671135807800e-01 2.841738757231451196e-01 6.853197308446795644e-01 1.046346994317866042e+00 -2.062069541552967455e-02 1.257652865127135630e-02 -7.953949032992620877e-03 3.006134963936184928e-02 7.009193572771188485e-14 7.355026960739752262e-14 6.463709775750281494e-14 6.763301941062338507e-14
1.211846590182579453e+00 7.725492971605038006e-01 4.761228574188112184e+00 2.003324881250768963e-01 1.626970140116028585e-01 8.754002732829389011e-01 7.869626008775469916e-01 -5.418542786853054460e-01 -5.095654217672870856e-02 -6.396362029375312064e-01 8.523977301137273394e-03 0.000000000000000000e+00 0.000000000000000000e+00 5.122005725637405193e-01 0.000000000000000000e+00
1.066129692577501675e+00 3.932741933199285778e-01 2.519522012126310884e+00 1.251543391299644314e-01 1.135044795050659527e-01 6.878302789060409816e-01 6.541053213833125657e-01 -4.566519073035096299e-01 2.596380447742136499e-01 -5.525300848122205455e-01 3.208664539294033835e-01 0.000000000000000000e+00 3.057805133397126784e-01 4.397342499370792690e-01 0.000000000000000000e+00
8.498979807743882731e-01 1.695858542505028543e+00 9.629315794486277724e+00 1.086786547047634416e-01 8.762554548833972889e-01 6.396417620234601253e-01 1.852277565794640202e+00 -9.413272037897162103e-02 -6.564184227832461360e-01 7.230294152324544532e-01 1.001146309859942546e-01 9.388561976464426806e-13 8.815470055323348930e-13 7.896812544150311197e-13 8.419426180544808958e-13
1.825695161121227317e+00 7.544497310109536670e-02 -8.254426733219270673e+00 1.252788586857069841e-01 1.137134784302105822e-01 6.881796390139593989e-01 6.547293451780750173e-01 -1.216290795489285426e+00 5.774675176899379814e-01 -1.310461013352727022e+00 6.386491228730538650e-01 0.000000000000000000e+00 6.236250750008612842e-01 1.199325695358482102e+00 0.000000000000000000e+00
1.393345762111235508e+00 3.483244792473925711e-01 -1.202137047459345354e+00 1.251225732430226167e-01 1.134514837784710434e-01 6.877385470291936809e-01 6.539513993032058936e-01 -7.838654816131273018e-01 3.046739492138793581e-01 -8.791374236036110235e-01 3.659136564460500063e-01 7.134078484211103799e-13 3.507946473175931890e-01 7.669493194704118944e-01 8.870935670063362366e-13
3.534222817926793714e-01 3.569399498241199176e-01 9.089133243299528431e+00 8.678005495150654947e-02 3.078264446920778857e-02 5.695154904040969912e-01 3.314708379389952331e-01 -4.377200105311571110e-02 8.684757369717270581e-02 -5.136201221778086135e-02 1.767761821522939869e-01 6.959227194080347805e-13 1.387661726626222558e-01 6.928310139139859582e-13 7.355873641321300303e-13
1.325039723181135498e+00 1.220429451054602321e+00 6.344680066715287836e+00 3.254064038983673357e-01 3.475888216989653778e-01 1.121068982036825812e+00 1.159302978532775530e+00 -1.465414891973303158e-01 -2.487160308098184183e-02 -2.815583471594595988e-01 1.267752685674958073e-02 9.410935572495837675e-13 1.006457395723303616e-12 1.469872874745305757e-01 5.531924744672789274e-13
3.331969052883208549e-01 1.933211477971895187e+00 8.465954097740635120e+00 0.000000000000000000e+00 9.999988403960127226e-01 0.000000000000000000e+00 1.980099997500117448e+00 -1.662994910428766959e-01 -1.449810632323226045e+00 1.325916024661016213e+00 4.688851952813324897e-02 0.000000000000000000e+00 0.000000000000000000e+00 0.000000000000000000e+00 1.361007129386930803e-01
1.341228646784341505e+00 1.113093797829918241e+00 5.582625539044105523e+00 3.100084006086837873e-01 2.999045158238709541e-01 1.093753326192478781e+00 1.075453361796278484e+00 -2.781015433281470717e-01 -3.462230664377968087e-02 -4.527249288562668061e-01 9.972896855596198248e-03 1.429394964283567320e-13 1.060708984587549900e-13 2.698273574876935421e-01 1.022046761309886115e-13
8.839771642810796415e-01 1.921140723193972555e+00 8.778303007649734369e+00 1.231194013192783571e-01 9.999999999999980016e-01 6.820616818307266849e-01 1.980099997500122777e+00 -1.128887529646638022e-01 -8.710028632542181626e-01 7.754304025417174673e-01 5.895927430615222065e-02 7.110609843985482570e-14 7.812729006491728190e-14 7.578790026108173095e-14 6.283215160715244219e-02
9.937444974968546729e-01 1.924448433414630122e+00 8.400960881292363069e+00 2.234240500747458058e-01 9.999999999999584777e-01 9.255764596922255727e-01 1.980099997500083253e+00 -1.141980575280223675e-01 -7.722070097639899267e-01 6.664731892883501985e-01 5.565156408549465361e-02 9.868664045675767937e-13 9.235853574307171729e-13 7.706990427791549081e-13 5.394349147129005179e-02
1.725023527335960427e+00 4.553660839902822222e-01 -3.448498331420720930e+00 1.253830987388819262e-01 1.162387655461291497e-01 6.884784737585253334e-01 6.621701517871937392e-01 -1.115523082292289470e+00 1.976543988201653057e-01 -1.211463389086000042e+00 2.580282466561066856e-01 1.234492326071534585e-12 2.438184622866377549e-01 1.098537912937507244e+00 9.818740872441500400e-13
1.411366656074342307e+00 8.810428465536072062e-01 3.507045555691741257e+00 2.658765010255860206e-01 2.051805875510853416e-01 1.011464006099050073e+00 8.861582170964305005e-01 -6.243054080334814460e-01 -5.067766948008533417e-02 -7.521738715119550278e-01 8.263887557824946967e-03 6.366044844052787255e-14 5.745314705755955043e-14 5.939160963714010810e-01 5.782649207565493388e-14
1.056502810952257398e+00 2.987522693598943513e-01 1.670571606901036787e+00 1.248273407568475379e-01 1.145198539289359885e-01 6.869061830905286437e-01 6.571150720688310187e-01 -4.469402808121864523e-01 3.541324713725706452e-01 -5.426061167077740333e-01 4.149671477670061615e-01 0.000000000000000000e+00 4.002305045416434393e-01 4.301297067976307953e-01 0.000000000000000000e+00
1.302776818702584105e+00 8.663624425293636744e-02 -2.913327368675005857e+00 1.249400447451731733e-01 1.136175316464173857e-01 6.872265797551954103e-01 6.544413972432747695e-01 -6.932867307740760987e-01 5.663055662409961499e-01 -7.887244412272320648e-01 6.274578015503446959e-01 2.900932532384770113e-13 6.124060323109530302e-01 6.764265772080869654e-01 2.193589277235674651e-13
9.887736961382266321e-01 8.848076291374948887e-01 7.756899482495544618e+00 2.670545484428996641e-01 2.033935412647874252e-01 1.013744868742641358e+00 8.822091562286777933e-01 -1.976830765291808234e-01 -5.045252614493568599e-02 -3.263919019580616698e-01 9.109902497838596319e-03 0.000000000000000000e+00 0.000000000000000000e+00 1.674785866581690041e-01 0.000000000000000000e+00
1.572232706431354154e+00 6.033358782397686415e-01 -4.408909642863569900e-01 1.252924959779926628e-01 1.147821126136573111e-01 6.882220594703229999e-01 6.578856312035992193e-01 -9.626581182651232638e-01 4.969695092122655006e-02 -1.057919177156563695e+00 1.105304154669775607e-01 1.841139762349952580e-12 9.584946000210220474e-02 9.457104819205760515e-01 1.418375149048103218e-12
6.351540444029613042e-01 1.410498084958643483e+00 1.051730034397429492e+01 6.642500019625210972e-02 5.598597797899921291e-01 4.958586095255727577e-01 1.476609316497967450e+00 -9.220940175753568335e-02 -5.831990128153095032e-01 8.032736447010049297e-01 1.003409799061130286e-01 0.000000000000000000e+00 0.000000000000000000e+00 0.000000000000000000e+00 0.000000000000000000e+00
1.174087100351245555e-01 1.766096061184251553e+00 7.772911528251297497e+00 0.000000000000000000e+00 8.692647349267759171e-01 0.000000000000000000e+00 1.844799854532635175e+00 -1.048967270710284352e-02 -1.309578934014117735e+00 1.530329831543658647e+00 1.974117917996073002e-01 1.643594155159331938e-01 1.455514528347912062e-12 1.489433934728918590e-12 1.322455599889194033e-12
1.091635068005583353e-01 1.768839939070655953e+00 7.684569849058554780e+00 0.000000000000000000e+00 8.648134954802020324e-01 0.000000000000000000e+00 1.840022821144184029e+00 -2.372868699445027704e-03 -1.312332293342256095e+00 1.542186656491082886e+00 1.986004655447919376e-01 1.728067746878999833e-01 0.000000000000000000e+00 0.000000000000000000e+00 0.000000000000000000e+00
6.092274825075736366e-01 1.238005997429548755e+00 1.066974990233246601e+01 6.260545484358384649e-02 4.210062150525657465e-01 4.808301813395695623e-01 1.277854021390036232e+00 -7.306398249829650082e-02 -4.196308679221392723e-01 5.120563977725230975e-01 8.290279107685938342e-02 0.000000000000000000e+00 0.000000000000000000e+00 0.000000000000000000e+00 0.000000000000000000e+00
3.423606247094873045e-01 4.878814720539110805e-01 1.049322104336890327e+01 7.669681795336544261e-02 2.708940585545926288e-02 5.342525400233701927e-01 3.097851036055974117e-01 -4.153255272157407862e-02 -5.039347426169919070e-02 -4.058900126285724247e-02 3.999971418102948179e-02 0.000000000000000000e+00 0.000000000000000000e+00 0.000000000000000000e+00 0.000000000000000000e+00
1.513970719279752686e+00 1.818053199457661195e+00 5.925068878615783241e+00 6.370250315358984006e-01 8.860730488620551792e-01 1.576409708189282499e+00 1.862735521295830310e+00 -4.917134323690788150e-02 -1.930418695300495924e-01 7.956337577699532093e-02 3.726897537599484223e-02 0.000000000000000000e+00 0.000000000000000000e+00 0.000000000000000000e+00 0.000000000000000000e+00
5.939645518466130092e-01 9.618211817520780915e-01 1.080537309264501467e+01 7.249382185862805750e-02 2.540896542384186163e-01 5.188740460545498978e-01 9.883449673604530750e-01 -4.274780906559486060e-02 -1.241995145705525605e-01 1.624867622692704461e-01 4.814411130812963624e-02 0.000000000000000000e+00 0.000000000000000000e+00 0.000000000000000000e+00 0.000000000000000000e+00
9.435532381598212837e-01 1.218205300737582597e+00 9.430882686461146136e+00 2.396190229495506752e-01 3.660055192262272050e-01 9.592320204333267819e-01 1.190133090573066044e+00 -3.988820672173414017e-02 -3.704021699791344019e-02 1.271250632072750408e-01 4.126525426516843009e-02 0.000000000000000000e+00 0.000000000000000000e+00 0.000000000000000000e+00 0.000000000000000000e+00
2.260944192688339460e-01 6.667742041842328327e-01 1.082670464647008934e+01 0.000000000000000000e+00 1.256434217564266764e-01 0.000000000000000000e+00 6.892158618953685423e-01 -3.608392354177167305e-02 -1.644390913742324323e-01 2.956090190126712813e-01 5.871200815924390581e-02 3.545941752850065275e-13 3.853107069518024730e-13 4.189390803932427377e-13 3.851641228180824328e-13
3.159145991987372115e-02 6.789847982999626108e-01 8.948340045751033145e+00 0.000000000000000000e+00 1.422958797616601379e-01 0.000000000000000000e+00 7.347169509674865706e-01 7.155391146908157696e-02 -2.236661798671856494e-01 5.064809200433061376e-01 6.617222551224673233e-02 1.263675925578327530e-01 0.000000000000000000e+00 0.000000000000000000e+00 0.000000000000000000e+00
1.350646222152449560e+00 1.720557477807527880e+00 7.071244598205627341e+00 4.973139898578285423e-01 8.653444337261728680e-01 1.390558763865481495e+00 1.840585461033703130e+00 -5.581129014240195779e-02 -1.968905127989162007e-01 2.110391616894548850e-01 3.804012070475162877e-02 8.008784607715924153e-14 7.617886356448000384e-14 5.579477851958003498e-14 6.513420445358741873e-14
4.539021833076120060e-01 5.423968456402056271e-01 9.966403952101211772e+00 1.291946922799948050e-01 5.294439149045254700e-02 6.991544771594823127e-01 4.406323640555405707e-01 -9.918582263704070479e-02 -5.545321146528773421e-02 -1.355658959627108195e-01 3.022527243789092932e-02 0.000000000000000000e+00 0.000000000000000000e+00 4.771571395172202745e-02 0.000000000000000000e+00
6.011367947843848647e-01 8.552042843810749861e-01 1.080826941301862831e+01 8.840991971973410912e-02 2.028297148817838347e-01 5.750217485321804656e-01 8.809548873703196836e-01 -3.238547952678798303e-02 1.683581943740884235e-03 5.599916721320119528e-02 3.242597322339291210e-02 6.496231504116156685e-13 9.067475503082844668e-13 3.793935651752455840e-13 5.284312484116204800e-13
1.340531090603314657e-01 5.582148557263175714e-01 1.014815662906843308e+01 3.156664826718500469e-16 7.149474246380009557e-02 3.156664826718500094e-14 5.151495688109406501e-01 -3.163940228339556099e-02 -1.031519477561094189e-01 2.271818600075699579e-01 6.232114541368365124e-02 9.901729219903147514e-03 1.940160272023705446e-13 2.041638316722185521e-13 2.012654366084776214e-13
0.000000000000000000e+00 0.000000000000000000e+00 5.713720693349788604e+00 0.000000000000000000e+00 0.000000000000000000e+00 0.000000000000000000e+00 0.000000000000000000e+00 2.166882525473818178e-14 8.601960280925199931e-02 2.050512657465846655e-01 1.949307116985989907e-01 1.754376405282767268e-02 1.578938764758014701e-01 0.000000000000000000e+00 0.000000000000000000e+00
4.955867603823861933e-01 7.094337481913890464e-01 1.102337448674085962e+01 4.534903428255626645e-02 1.378278076344433556e-01 4.063842242094100610e-01 7.227732587857550461e-01 -1.978957762068658463e-02 -1.004027977587210532e-02 3.593068145137105762e-02 2.821880268520248272e-02 1.208593988777373340e-12 1.115184984287753700e-12 1.020454554190308727e-12 1.100080096461120149e-12
2.002359975629657840e-01 4.482832345083318515e-01 1.071207750132945158e+01 0.000000000000000000e+00 1.507516486250622123e-02 0.000000000000000000e+00 2.263850138619420971e-01 -1.220256095709109333e-02 -2.465085547856755988e-02 9.477290059689989776e-02 5.910636298096330621e-02 0.000000000000000000e+00 0.000000000000000000e+00 0.000000000000000000e+00 0.000000000000000000e+00
1.005161537870461919e+00 1.335687581026237414e+00 9.104140703300695137e+00 2.562423107160475833e-01 4.848566279369340704e-01 9.926145890635992286e-01 1.372776696650058081e+00 -4.451228945951651861e-02 -9.690093322252492369e-02 1.583103050713969839e-01 4.178538203576098731e-02 9.292015941408937607e-13 8.669842187919440946e-13 7.208912286560398286e-13 7.592800086581030783e-13
8.240994753469121914e-01 1.168419375810585636e+00 9.968165360485651050e+00 1.446167104410116533e-01 3.425781093820503553e-01 7.408416076750389268e-01 1.150775158148525934e+00 -3.857133421201566076e-02 -1.085572766547921314e-01 2.006111112616096870e-01 4.978267702693496555e-02 1.206768625999776745e-12 1.058025412073448912e-12 1.237144935106737620e-12 9.935266585131552475e-13
6.831931301269132950e-01 9.569243611489359758e-01 1.051236331472313168e+01 1.403841812490568552e-01 2.449241782489720021e-01 7.296332488100519820e-01 9.699984150181190090e-01 -4.317823971782951131e-02 -2.824534456641125679e-02 6.168139921350514199e-02 3.656555387871441437e-02 1.087159876012044890e-13 1.022180658259014274e-13 8.965094291935038484e-14 9.247493721296906610e-14
0.000000000000000000e+00 1.980099997500124775e+00 4.673500296131482656e+00 1.225877644528482891e-16 1.000000000000000000e+00 1.225877644528482911e-14 1.980099997500124775e+00 1.430953009134349474e-01 -1.509279561118521018e+00 1.659234084338315540e+00 0.000000000000000000e+00 3.139171934900846783e-01 1.682895309264028851e-13 1.875058363200829938e-13 1.851314226679598718e-01
7.120563674545357102e-01 1.057195452146229453e+00 1.038734337556382847e+01 1.417629927313447669e-01 3.060285467069243093e-01 7.333031515509058629e-01 1.086577709774409817e+00 -5.029673777331439277e-02 -1.062567147805727613e-01 1.172946111119379797e-01 4.467128869300031335e-02 7.274051153083327392e-13 7.078501738748410599e-13 6.174461983365908679e-13 6.453437502267067583e-13
2.847859197834091693e-01 5.615557657795128277e-01 1.119352111263608052e+01 3.616840775366373506e-15 6.796746036927694967e-02 3.616840775366373064e-13 5.018045158041243292e-01 -6.797376412397844979e-03 -8.075767414343746134e-03 5.895002660325689842e-02 4.507928416338313760e-02 0.000000000000000000e+00 0.000000000000000000e+00 0.000000000000000000e+00 0.000000000000000000e+00
1.469756584509477326e-01 3.919663305655446406e-01 1.018481316865602082e+01 0.000000000000000000e+00 8.046289977805526740e-04 0.000000000000000000e+00 4.016400797848999893e-02 -1.769585352131963427e-02 -3.133281214382793028e-02 1.351955645203848366e-01 7.311562919226136104e-02 0.000000000000000000e+00 0.000000000000000000e+00 0.000000000000000000e+00 0.000000000000000000e+00
8.548770254579041161e-02 2.979161374050595112e-01 9.192387041736214570e+00 2.104651365310843385e-17 5.469371332611087835e-17 2.104651365310843286e-15 5.469371332611086725e-15 -2.000531566968466110e-02 -4.630536655802908186e-02 1.617909483895831890e-01 6.260574233101885711e-02 0.000000000000000000e+00 0.000000000000000000e+00 0.000000000000000000e+00 0.000000000000000000e+00
2.655969157727712249e-01 2.764955812800574675e-01 8.898466471647058285e+00 1.794641417973534894e-02 7.508321225116894836e-03 2.486789845250152176e-01 1.544514584493353604e-01 -2.189343431491534708e-02 1.197416016807500982e-01 2.514325869677896258e-02 2.154096698325905779e-01 2.117015613105257800e-13 1.602684065582302697e-01 2.138552747973747108e-13 2.532458903226151575e-13
1.598716418367118752e-02 1.698302622935289330e-01 7.571045801587606761e+00 9.084402791609300061e-15 0.000000000000000000e+00 9.084402791609298925e-13 0.000000000000000000e+00 -1.598716418359712524e-02 -6.907438069684107562e-02 1.940696830991989474e-01 3.983672819202035281e-02 2.882864959320937531e-03 0.000000000000000000e+00 0.000000000000000000e+00 0.000000000000000000e+00
2.087012915262410617e-01 1.677104864544748386e-01 8.006509311232779424e+00 1.105190435950345737e-03 3.240455858235920749e-04 4.943676708673676312e-02 2.118768988991527255e-02 -8.004808670553425695e-03 1.863312527690337284e-01 7.191057352496718624e-02 2.931334521730925569e-01 0.000000000000000000e+00 2.260370470515769281e-01 0.000000000000000000e+00 0.000000000000000000e+00
1.243214902350491480e+00 1.449614874209695259e+00 7.855307901812253135e+00 4.211706567860597494e-01 5.154442457624808238e-01 1.278114496922338139e+00 1.416028606696173142e+00 -3.254439548840835916e-02 -1.577097654902588283e-02 1.772134111638669907e-01 3.239847025996100971e-02 6.300242445800297020e-13 5.922820827536368071e-13 5.928525899367986796e-13 3.996927571900399379e-13
1.492665453250171304e+00 1.677807217746413393e+00 6.115269349802559873e+00 6.265674486921347652e-01 8.271623359794153529e-01 1.563252714324057768e+00 1.799079704946703773e+00 -3.355716296609774496e-02 -5.778782308305772941e-02 4.955419732096767726e-02 1.223941315772880331e-02 0.000000000000000000e+00 0.000000000000000000e+00 0.000000000000000000e+00 0.000000000000000000e+00
1.419848462241551035e+00 1.554337341145344720e+00 6.665044624484997016e+00 4.413964430256541727e-01 6.735930890387152870e-01 1.308911362942088097e+00 1.621576180593214067e+00 -6.352666592301531474e-03 8.813264082199019633e-03 4.105055998339620510e-02 1.120802879795434505e-02 0.000000000000000000e+00 0.000000000000000000e+00 0.000000000000000000e+00 0.000000000000000000e+00
1.056714256053711054e+00 1.280016715789461523e+00 8.869188591153980283e+00 2.003552650844326599e-01 4.129353579578226574e-01 8.754537868913764287e-01 1.265356577619458855e+00 -1.087417838972444539e-02 2.631364417954966395e-02 5.829772743994938305e-02 3.264313475996506730e-02 0.000000000000000000e+00 0.000000000000000000e+00 0.000000000000000000e+00 0.000000000000000000e+00
3.866886532024822465e-01 6.361234593639012447e-01 1.116914153517261710e+01 2.530780221618616349e-02 8.242809795365026171e-02 2.988059468839739385e-01 5.545542696971117458e-01 -2.487897793145715797e-02 -9.074389972700715526e-03 1.016850842265657473e-01 4.370696637392058187e-02 0.000000000000000000e+00 0.000000000000000000e+00 0.000000000000000000e+00 0.000000000000000000e+00
8.838966301391038005e-01 1.133572398466577980e+00 9.721192604914863367e+00 2.035559945533895188e-01 3.167963026199825949e-01 8.825742507778034929e-01 1.105871076778648820e+00 -3.453025900537735199e-02 -1.301947041207304409e-02 8.053131374837031731e-02 3.775511467745330113e-02 6.907655870913576024e-13 5.689745007607382998e-13 7.244873104217397497e-13 5.896534887965543259e-13
