# w_1 w_2 VF c_1 c_2 u_1 u_2 fut_util_1_1 fut_util_1_2 fut_util_2_1 fut_util_2_2 pen_1 pen_2 pen_u_1 pen_u_2 
9.604009732260722743e+00 7.007770558642794967e+00 -8.695806519805898915e+00 5.052712199564474149e-01 5.282965048713839096e-01 1.401789618094840151e+00 1.433817949665140645e+00 -6.078397851734733681e-01 -2.886142184701098387e-02 -7.165079071573799974e-01 2.741256480723823236e-03 2.119453592665243580e-12 1.365561201442655470e-12 5.904167675545177740e-01 1.361081820167031609e-12
4.548120822691328335e+00 9.115862435140696718e+00 -5.002038866159530528e-01 1.850839404710565295e-01 8.544262514527942720e-01 8.406608771625310172e-01 1.828811809584520720e+00 -1.141438555124580645e-01 -7.590028057713176235e-01 7.146457051572515651e-01 8.057770393728111435e-02 5.055862412756129132e-14 5.386907283091990628e-14 5.112728816702993839e-14 5.281327675535352206e-14
6.386061293213034951e+00 7.832759696642243696e+00 -2.215488817387055498e+00 4.433848853227952413e-01 6.688888930694069090e-01 1.311893897464012415e+00 1.615834881176192894e+00 -4.243213951616801871e-02 -9.254587229806135462e-02 1.597682590269829672e-01 2.024320030009778282e-02 0.000000000000000000e+00 0.000000000000000000e+00 0.000000000000000000e+00 0.000000000000000000e+00
1.768290435342569467e+00 3.476141030923462605e+00 1.178066256021219615e+00 2.161473921924670152e-02 9.694598815259179714e-02 2.747192761507176173e-01 6.030441022187631450e-01 -3.677170355799118384e-02 -7.001356744858805090e-03 1.735323919740719700e-01 4.060446658431529632e-02 0.000000000000000000e+00 0.000000000000000000e+00 0.000000000000000000e+00 0.000000000000000000e+00
5.755565769288494060e+00 2.853679446491186766e+00 -6.471040543057937633e+00 1.313789216486377920e-01 9.079157840884631570e-02 7.052010053530805012e-01 5.829646074451112492e-01 -4.597450662137939070e-01 8.099640701799014353e-02 -6.466362338173559099e-01 1.512536408049566239e-01 2.390030763115698339e-13 1.363287713109798960e-01 4.568282086006443254e-01 1.771511064983234315e-13
4.483628032686894471e+00 1.750403706969988038e+00 -6.133716567047957646e+00 1.313803543154094533e-01 9.070365707621982909e-02 7.052049056160505369e-01 5.826730207548508345e-01 -2.053794243965218480e-01 3.016833691608589163e-01 -3.914702575139611396e-01 3.719732580664870669e-01 0.000000000000000000e+00 3.570095703885020622e-01 2.024551673381068118e-01 0.000000000000000000e+00
3.517318536497691106e+00 6.157172906778237476e+00 4.673215438600824001e-01 8.896741615852676865e-02 4.158210744932149816e-01 5.768842315057877146e-01 1.269838909045448938e+00 -5.633173034151295333e-02 -3.365538785377683584e-01 3.771303871531426766e-01 4.266359683951800180e-02 1.012557333986141561e-12 1.039269608956241986e-12 1.010018674599266753e-12 9.857149818603971880e-13
4.770540085916501916e+00 4.364145335278950988e+00 -1.804674737026440212e+00 2.739327894344212311e-01 1.897069853398729022e-01 1.026963642388389886e+00 8.513368704087561634e-01 -1.746085736886844320e-01 -5.622060238666939935e-02 -3.142155279667920298e-01 7.831133252184978299e-03 0.000000000000000000e+00 0.000000000000000000e+00 1.425139534056254487e-01 0.000000000000000000e+00
4.032291221904388934e+00 2.033944791998589352e+00 -4.663960722036401663e+00 1.314082334663551066e-01 9.077265495458609890e-02 7.052818300749917890e-01 5.829022455272365733e-01 -1.151349094726308586e-01 2.449585892369727236e-01 -3.016091978842646015e-01 3.152280249278526791e-01 0.000000000000000000e+00 3.002907961394465364e-01 1.122004274434059146e-01 0.000000000000000000e+00
6.584210450701793782e+00 7.770644041645460298e+00 -2.489194744796352055e+00 5.187317315052913935e-01 6.585241884679660096e-01 1.420600224230355701e+00 1.603113327669997146e+00 -4.316691065744059086e-02 -4.849356544313501022e-02 9.066459959328873608e-02 1.564942835666964516e-02 0.000000000000000000e+00 0.000000000000000000e+00 0.000000000000000000e+00 0.000000000000000000e+00
2.082733282300016864e+00 6.700055658186665930e+00 8.167307541430339768e-01 1.782831493118735428e-02 5.334780753949990295e-01 2.477940128057413982e-01 1.440928824162969191e+00 -1.043783029509198768e-01 -6.536012406659182927e-01 7.954789574570584332e-01 7.087265417960550429e-02 5.857022766092567778e-13 5.642731290902980312e-13 5.605268853237088678e-13 5.417565267923363237e-13
1.086433942609212666e+00 5.185407257565338490e+00 5.114845209410976423e-01 2.493622672139967622e-16 2.943355976380290784e-01 2.493622672139966951e-14 1.065239357388382935e+00 -8.516297856307926406e-02 -3.871848109446430763e-01 6.723755897792825786e-01 6.974198050192079168e-02 0.000000000000000000e+00 0.000000000000000000e+00 0.000000000000000000e+00 0.000000000000000000e+00
2.237713016366424057e+00 5.526885560824235988e+00 9.229727866743129283e-01 5.276678288338852718e-02 3.195224153282760216e-01 4.398564377647647405e-01 1.110703282780654444e+00 -8.685724946238068678e-02 -3.976384431266099528e-01 5.240253457708072826e-01 5.788238183302610307e-02 0.000000000000000000e+00 0.000000000000000000e+00 0.000000000000000000e+00 0.000000000000000000e+00
5.816830479317998126e+00 6.751603252553008971e+00 -1.496760566369854217e+00 3.410848096458337642e-01 4.923287478806719353e-01 1.148221234197836615e+00 1.383465493417206371e+00 -2.324451154550373488e-02 -1.987430616265583368e-03 4.005163136725661127e-03 1.293542231237460212e-02 8.304616759893801436e-13 7.332735764073450291e-13 7.271868654110114072e-13 6.910749099711677168e-13
7.379596668481658739e+00 2.253904627281869910e+00 -1.091865222160348026e+01 1.313306121264916360e-01 9.066584867399198056e-02 7.050673507782284632e-01 5.825481543244359628e-01 -7.845970799978514432e-01 2.009679109436022237e-01 -9.710601852570024395e-01 2.712627170919234554e-01 1.535287847374833259e-12 2.562866795827239419e-01 7.816828372594663010e-01 1.150421338053098097e-12
8.018338373686599851e+00 6.243159389891005162e+00 -6.154132855301792659e+00 3.725247121900072123e-01 3.989852865964909068e-01 1.200860427106709816e+00 1.243463985582734521e+00 -4.112333678583952046e-01 -2.999561786565254143e-02 -5.477281889117049385e-01 4.967460986511480076e-03 0.000000000000000000e+00 0.000000000000000000e+00 4.044598673630508956e-01 0.000000000000000000e+00
1.939390584145533447e+00 1.512066116201447485e+00 -2.259040553709784405e+00 5.337524125014775356e-02 4.606522558911056719e-02 4.424948001160207145e-01 4.097223538400615594e-01 -2.942389041942860065e-02 2.185639285054159775e-01 -7.272804228504153867e-02 2.932360866302455848e-01 0.000000000000000000e+00 2.606301689945050293e-01 0.000000000000000000e+00 0.000000000000000000e+00
4.767155119197958868e+00 9.083766285088218595e+00 -6.871456915481211070e-01 8.977988767934713676e-02 8.545272474698092369e-01 5.796001554080624230e-01 1.828921083118448143e+00 -7.357286793124483137e-02 -5.308138533905490952e-01 6.680325181413919733e-01 7.538777338246964443e-02 5.526035358471848014e-13 5.351342741329034869e-13 4.629538939704413991e-13 4.737109142449735799e-13
5.663479143666243054e+00 4.760451698222209593e+00 -3.105592614455858325e+00 2.737255959832190499e-01 2.167719791524360673e-01 1.026567384458301868e+00 9.113903150632964856e-01 -2.607763831065798010e-01 -4.768967962052268056e-02 -3.909571793360915870e-01 9.657629726088369157e-03 1.247351429403580755e-12 1.101354769893353109e-12 2.383787927816664320e-01 1.068009016501329951e-12
7.881378241924767991e+00 3.643089003364675893e+00 -9.149187488987612582e+00 1.440445390276424986e-01 1.002490623154021210e-01 7.393280111270861266e-01 6.135584233133752896e-01 -8.767597714681827359e-01 -5.433973294112555419e-02 -1.039251984562736375e+00 1.477808243161155347e-02 4.078317544786713711e-13 3.175493044514296481e-13 8.700870533687961039e-01 3.316011473655094965e-13
2.694754823446287695e+00 4.102716372565468061e-01 -5.488256740828430402e+00 5.005666926840064701e-02 6.855985948316621614e-02 4.279146242236404052e-01 5.040605468885903662e-01 1.576410972872176360e-03 4.941030329038602620e-01 -2.014482049718376022e-01 5.576219920374300143e-01 3.759665105282361530e-13 5.376038386637024269e-01 3.084151857513095507e-13 3.168151911604397131e-13
7.412388191127629256e+00 3.383553814476111921e+00 -8.724936648645682524e+00 1.314040533559934498e-01 9.071680732142330117e-02 7.052702678392971380e-01 5.827165789630552872e-01 -7.911464545463340325e-01 -2.495783116083148678e-02 -9.777769451649249710e-01 4.533148139710777014e-02 2.915525893626425002e-13 3.037327582011905419e-02 7.882140875641950872e-01 2.186475013630367892e-13
5.328696690466093955e+00 4.617250823672046423e+00 -2.611402345244773215e+00 2.925169178826503846e-01 2.085815372459567663e-01 1.061882043769659889e+00 8.936335895689249131e-01 -2.367072015897509207e-01 -5.322127077298330344e-02 -3.640114408287875580e-01 8.958431963080264182e-03 0.000000000000000000e+00 0.000000000000000000e+00 2.058008139873130360e-01 0.000000000000000000e+00
8.548947693944413118e+00 4.065083430251240082e-01 -1.695214651621518342e+01 1.314996893129772304e-01 9.083861875020321497e-02 7.055341529343802653e-01 5.831207852159436822e-01 -1.018495204502998019e+00 5.704278030742558903e-01 -1.204670606018857004e+00 6.406894114691941144e-01 6.178619898697390589e-13 6.257766663547595920e-01 1.015532649195000747e+00 5.703151709571252503e-13
9.873376414626235942e+00 8.709114403520281655e+00 -8.342622840939606377e+00 7.985119658601603776e-01 8.113069516297134465e-01 1.767302266789182452e+00 1.781562661018689431e+00 -2.372509412712453525e-01 -3.168942778704780111e-02 -4.059203250670361807e-01 -4.303567135458023600e-03 0.000000000000000000e+00 0.000000000000000000e+00 2.341119973419764355e-01 0.000000000000000000e+00
7.554053459611136390e+00 2.533535291157885005e+00 -1.070830426563559179e+01 1.314642746491736791e-01 9.088147223237011407e-02 7.054363563458416753e-01 5.832630872223741880e-01 -8.194931082306782244e-01 1.450007995706738551e-01 -1.006929970289931919e+00 2.152402227715764782e-01 1.799231228415132389e-12 2.003485100170409594e-01 8.165462909002384473e-01 1.415571219270939096e-12
1.877214768937600642e+00 9.779364100960821204e+00 -6.288348920426578559e-01 9.156807175271985339e-16 9.999999999999907851e-01 9.156784806159828966e-14 1.980099997500115672e+00 -1.563899241115874750e-01 -1.297201636258519919e+00 1.271394794217506341e+00 2.422717730796075664e-02 6.148885170685584764e-13 6.268896999031627130e-13 6.054797391595121317e-13 9.463630741208704789e-02
7.718448371155090193e+00 3.582786465634047346e+00 -8.939610158764880410e+00 1.367635297265604732e-01 9.501343206546483677e-02 7.199020439270001903e-01 5.968095063523901622e-01 -8.489004736726281086e-01 -5.485056255554237453e-02 -1.023408460913489693e+00 1.483362775507834214e-02 0.000000000000000000e+00 0.000000000000000000e+00 8.443259598822209222e-01 0.000000000000000000e+00
5.602137124908780130e+00 7.338247531426941528e+00 -1.251499966169257405e+00 3.191938182929230927e-01 5.920850696591503093e-01 1.110122639438343661e+00 1.519071350801073139e+00 -4.515130133570647436e-02 -1.135203490551330019e-01 1.963831152878467712e-01 2.515064672529656459e-02 7.452399157850675415e-13 6.466914677372148645e-13 7.777655472787636803e-13 6.077724044525889546e-13
4.418539005549521753e-02 5.777977662689077754e+00 -1.772293971820117164e+00 1.795708131169076564e-15 3.784980331735131043e-01 1.795720107458938003e-13 1.210607404004248933e+00 1.186247859116871251e-01 -5.055186645837318471e-01 1.026621473550405339e+00 7.649708213931076528e-02 2.174014411288380799e-01 1.449211931633155619e-12 1.480342081983096412e-12 1.380277793474488665e-12
5.640446290498005943e+00 4.780489013765616413e-01 -1.099206290799538976e+01 1.314525097890224814e-01 9.090051160328059543e-02 7.054035459201966063e-01 5.833258918177015584e-01 -4.367620964024146457e-01 5.561568134610398451e-01 -6.232801077400154099e-01 6.263871336995360251e-01 7.242584895532366840e-13 6.114936973752823635e-01 4.338149568168732095e-01 7.706091624190558598e-13
1.613826541272650461e+00 9.887440858998742144e+00 -1.212886332669146583e+00 1.476868222010444952e-15 9.999999999999430456e-01 1.476868222010444747e-13 1.980099997500067710e+00 -1.687464088662507800e-01 -1.327297679189929136e+00 1.324153036497776270e+00 2.611825700264616169e-03 0.000000000000000000e+00 0.000000000000000000e+00 0.000000000000000000e+00 1.201537068354158050e-01
5.946903386107853073e+00 1.476557798117563491e+00 -9.607959050420108227e+00 1.314688918332843903e-01 9.092976693785589926e-02 7.054491056938689830e-01 5.834230537778143377e-01 -4.980388417169398507e-01 3.564460636263892535e-01 -6.845353741047943696e-01 4.266685437368246125e-01 0.000000000000000000e+00 4.117880497196967915e-01 4.950909311098288801e-01 0.000000000000000000e+00
3.902152493731735117e+00 8.548127502372393494e+00 -8.149703439901401225e-04 5.767270369648778289e-02 8.333247991764272111e-01 4.607198405664547081e-01 1.805842074811306208e+00 -8.836926043263965136e-02 -7.085406052170035718e-01 8.132200378701300858e-01 7.190438078288813317e-02 4.763660169451733317e-13 4.919015769797724369e-13 4.634319187082902580e-13 4.619705768101056709e-13
1.100630491091294072e+00 8.014711690197604099e+00 -4.998284515663034000e-01 0.000000000000000000e+00 7.796720916911604737e-01 0.000000000000000000e+00 1.746095027653083109e+00 -9.225281955947607637e-02 -9.528750362641238425e-01 1.331190889174411085e+00 1.021779858561713689e-01 5.437303692263423249e-02 1.416197888126635718e-13 1.360897239368624034e-13 1.329097422397840234e-13
7.811347906290387222e+00 7.897177326978257916e+00 -4.521244385452713566e+00 5.557818680526468436e-01 6.637662975686173805e-01 1.471149719165368186e+00 1.609560265819228508e+00 7.835644569789817007e-03 -2.025003298918067254e-02 -1.424294285973985164e-01 -1.821343679274731956e-03 1.479183664660280173e-13 1.283306143642914954e-13 1.031506829821463023e-13 1.209331029414228986e-13
4.026671844216388685e+00 7.164210757843711086e+00 9.643265702611891754e-02 1.079460402408668890e-01 5.829368722541322656e-01 6.374079365433112931e-01 1.507137023940324783e+00 -6.500921188569420972e-02 -3.955591782882827423e-01 4.948322103950633100e-01 4.752348375650209539e-02 0.000000000000000000e+00 0.000000000000000000e+00 0.000000000000000000e+00 0.000000000000000000e+00
1.169704847708953332e-01 2.540389167038397567e+00 -8.454131273425460336e-01 0.000000000000000000e+00 2.932738891177067916e-02 0.000000000000000000e+00 3.230892151860112471e-01 6.676163279723407173e-02 -1.857407369854889925e-02 2.801335860590364879e-01 5.443823350329678179e-02 1.034893823179389022e-01 0.000000000000000000e+00 0.000000000000000000e+00 0.000000000000000000e+00
1.867763571955316282e+00 1.609469325742077350e+00 -1.959843582245962779e+00 5.837353866106003569e-02 4.105876708241232992e-02 4.636268915271803959e-01 3.857524866843720091e-01 -3.389110070168491889e-02 1.869095518913938547e-01 -6.142598297102896954e-02 2.652490481656529786e-01 6.257657152869411377e-13 2.307802902249708188e-01 7.364730570183497527e-13 8.168067730431743945e-13
4.902018560222440868e+00 1.528233180543824732e+00 -7.414838641618292314e+00 1.314125803461517195e-01 9.081000573082340099e-02 7.052938043369045840e-01 5.830257525488579118e-01 -2.890701800282513001e-01 3.461086520345982298e-01 -4.755844450238720933e-01 4.163651464401678104e-01 9.340837565235959872e-13 4.014409687543205041e-01 2.861357907670564193e-01 8.682898963632140754e-13
2.272554206912348551e+00 4.065151465285867793e+00 1.002198030844169807e+00 1.668183788385452226e-02 1.665786281423565218e-01 2.390903970114551524e-01 7.965259253528210737e-01 -2.386698862651433564e-02 -4.011360539314881568e-02 1.653601889337821818e-01 3.370221433823521184e-02 0.000000000000000000e+00 0.000000000000000000e+00 0.000000000000000000e+00 0.000000000000000000e+00
3.703600735827293100e+00 1.810808360985742604e+00 -4.452852543108651417e+00 1.313051423420636687e-01 9.049574431123126594e-02 7.049977347994995647e-01 5.819826195674896452e-01 -4.938288656404594273e-02 2.896378260149748418e-01 -2.354191670723857210e-01 3.599909014732486368e-01 0.000000000000000000e+00 3.449450880462780478e-01 4.647361211943048381e-02 0.000000000000000000e+00
3.957891769394307424e+00 5.125271296490315542e+00 2.629406979549280265e-01 1.432692305570683056e-01 2.688746088100048559e-01 7.372833817522767008e-01 1.017255266600019414e+00 -2.509734604191752108e-02 -2.505363824044615131e-03 9.570591965832193557e-03 2.161996855924669045e-02 0.000000000000000000e+00 0.000000000000000000e+00 0.000000000000000000e+00 0.000000000000000000e+00
6.059232950912898374e+00 3.862746485802519558e+00 -5.111422163192099077e+00 1.778722634487895082e-01 1.248393180195277591e-01 8.237357875191859691e-01 6.869352216517656817e-01 -4.934045430581373570e-01 -5.385728813222554617e-02 -6.338738053922068350e-01 1.297123664354099537e-02 6.895926971811627837e-13 5.553077800108524587e-13 4.782061108768624891e-01 5.690042892154273391e-13
5.330648462887509709e+00 1.966370966599643166e+00 -7.395822929720311301e+00 1.313683969517971117e-01 9.081294335360351466e-02 7.051719564312365351e-01 5.830355910701092714e-01 -3.748083198227732393e-01 2.584328262485809380e-01 -5.608349783468188354e-01 3.286802790947844222e-01 0.000000000000000000e+00 3.137646474162790744e-01 3.718876461390664412e-01 0.000000000000000000e+00
4.249489903871942253e+00 8.479292712525143827e+00 -1.944748698226863581e-01 1.275147110003605477e-01 8.251108889935008239e-01 6.944648521641614280e-01 1.796822510658822480e+00 -9.552439394069554834e-02 -6.514614538727943049e-01 7.320902790200833898e-01 6.397827569231068212e-02 2.396661428344382117e-13 2.330100088571152028e-13 2.135228842695124918e-13 2.238895917619498910e-13
9.128475805606138138e+00 3.772248655054769029e-01 -1.816976999481335397e+01 1.313683834990626575e-01 9.086178087372259737e-02 7.051715867904478907e-01 5.831979561493219055e-01 -1.134366398462236081e+00 5.763318455936263796e-01 -1.321490106856289204e+00 6.465612479943337876e-01 0.000000000000000000e+00 6.316529315304733050e-01 1.131440881095417961e+00 0.000000000000000000e+00
6.966728810556178431e+00 1.741622396236963244e+00 -1.111748074685706911e+01 1.314141290839928033e-01 9.091277072164784256e-02 7.052980354442437427e-01 5.833665892159608513e-01 -7.020320261650953020e-01 3.034364688575819091e-01 -8.884944561373520067e-01 3.736553702304152291e-01 0.000000000000000000e+00 3.587669536998396302e-01 6.990929604590611079e-01 0.000000000000000000e+00
1.767111408963397245e+00 1.784699749120599810e+00 -1.455092884564850308e+00 6.960992296856603756e-02 2.697305549018600215e-02 5.080532021171565438e-01 3.090781789363316601e-01 -3.930178023843480806e-02 1.114079103658955489e-01 -5.167111665366318912e-02 2.004945563299440903e-01 0.000000000000000000e+00 1.623865834865968472e-01 0.000000000000000000e+00 0.000000000000000000e+00
6.625198615905678601e+00 6.102147255273012938e+00 -3.507268102474006000e+00 3.513419288557838582e-01 3.734719954670507880e-01 1.165651345469901790e+00 1.202410795845430203e+00 -1.535504874879740078e-01 -3.058336301563177248e-02 -2.941292967968757721e-01 5.932549339424054470e-03 5.412326403025913280e-14 5.667525910385551313e-14 1.488281331835211441e-01 4.772137546238397476e-14
1.665984526441604663e+00 9.666057389859478377e+00 -6.791775305264877716e-01 0.000000000000000000e+00 1.000000000000000000e+00 0.000000000000000000e+00 1.980099997500124775e+00 -1.662994910434895668e-01 -1.282119197769644003e+00 1.313704899220697442e+00 4.688851952792195965e-02 0.000000000000000000e+00 0.000000000000000000e+00 0.000000000000000000e+00 7.510430211644361642e-02
6.706143233921708635e+00 5.565468989149592538e+00 -4.232393896346089868e+00 3.828330234151921529e-01 2.973782361847362998e-01 1.217632224695966547e+00 1.070831461984001587e+00 -3.432705209399939950e-01 -4.349994149689781486e-02 -4.127450542638405606e-01 1.209012160991485875e-02 0.000000000000000000e+00 0.000000000000000000e+00 3.113207972574648097e-01 0.000000000000000000e+00
4.419885821405398652e+00 9.605703615969863662e+00 -6.624194043368927254e-01 1.430619590761891546e-01 9.999999999999740208e-01 7.367359531258964589e-01 1.980099997500098796e+00 -1.189636719974287021e-01 -8.717143350282707814e-01 7.632200087087072093e-01 5.895927430615222065e-02 4.079802901763018852e-13 4.074595275440663633e-13 3.853079964463712592e-13 2.223500963638826503e-02
4.968722487484273920e+00 9.622242167073151720e+00 -1.044224474445661244e+00 1.036189047230987176e-01 9.999999999999850120e-01 6.241093745444129537e-01 1.980099997500110121e+00 -8.070171473407046492e-02 -6.463947033960857347e-01 6.532252061013108513e-01 5.565156408549465361e-02 1.870593802711329806e-13 1.927135134322938941e-13 1.739355218903928132e-13 1.741180628528266050e-02
8.625117636679803468e+00 2.276830419951411333e+00 -1.336384252555505192e+01 1.314514143843645011e-01 9.089637145594468837e-02 7.054005796496716219e-01 5.833126393686546285e-01 -1.033690770782251356e+00 1.963564436928574852e-01 -1.220199116181712951e+00 2.665880405983985790e-01 1.437072249393933632e-12 2.517005295971248002e-01 1.030748944753754781e+00 9.535437218467779363e-13
7.056833280371712647e+00 4.405214232768036808e+00 -6.325648971146678790e+00 2.798289556461529548e-01 1.943753343697161573e-01 1.038166954811888587e+00 8.619871526728518640e-01 -6.250201003658359955e-01 -5.613653042294458606e-02 -7.654815748546366372e-01 7.634303362515759868e-03 0.000000000000000000e+00 0.000000000000000000e+00 5.923901049978975708e-01 0.000000000000000000e+00
5.282514054761287881e+00 1.493761346799471923e+00 -8.244773276813065266e+00 1.314030611808814364e-01 9.075413171675671131e-02 7.052676209419106446e-01 5.828404018058632730e-01 -3.652041640818533552e-01 3.529568085809774436e-01 -5.519023036120072057e-01 4.232321866075190453e-01 2.193059102373329239e-13 4.082928141066717864e-01 3.622698160475515960e-01 2.214693814624191237e-13
6.513884093512921858e+00 4.331812212646818927e-01 -1.282867393268470835e+01 1.314107541894085351e-01 9.071013194139056213e-02 7.052882976630765466e-01 5.826946324816033584e-01 -6.114594884489000792e-01 5.651063066043077177e-01 -7.978625844617110996e-01 6.353992530118092175e-01 0.000000000000000000e+00 6.204393676131690905e-01 6.085236933281016336e-01 0.000000000000000000e+00
4.943868480691134160e+00 4.424038145687474888e+00 -2.076319451334622812e+00 2.821879418980851595e-01 1.962139030310860455e-01 1.042616074446199415e+00 8.661468110452481550e-01 -1.992032769777841161e-01 -5.604466836157723925e-02 -3.396394261044604068e-01 7.623634109417186042e-03 0.000000000000000000e+00 0.000000000000000000e+00 1.664059281144412150e-01 0.000000000000000000e+00
7.861163532156772327e+00 3.016679391198843874e+00 -1.035623644337085203e+01 1.314288852476681313e-01 9.085092451415570369e-02 7.053383493833899065e-01 5.831614328556060656e-01 -8.809116502521834313e-01 4.841597927018535807e-02 -1.067717476438493351e+00 1.186603217803031962e-01 5.168646543748933730e-14 1.037508492103025731e-01 8.779709271514100077e-01 4.817607630099723925e-14
3.175770222014806965e+00 7.052490424793218970e+00 5.343785551107984588e-01 2.692485346469070812e-02 5.749041992027832393e-01 3.087855819908851274e-01 1.496580630237360321e+00 -6.711604291720425775e-02 -5.640618239670877054e-01 6.519288457201769527e-01 5.935474301839439165e-02 0.000000000000000000e+00 0.000000000000000000e+00 0.000000000000000000e+00 0.000000000000000000e+00
5.870435501756229302e-01 8.830480305921259543e+00 -1.861234788722079259e+00 5.663706833379546248e-16 8.539871800607505836e-01 5.663820185754596502e-14 1.828337627729240911e+00 1.053863330643237117e-02 -1.116051990373914338e+00 1.503390482831036712e+00 1.241115284931710305e-01 1.746306974199730577e-01 1.383402940813294180e-13 1.709716389818586897e-13 1.319974945318547199e-13
5.458175340027917599e-01 8.844199695353282209e+00 -1.949342923246410564e+00 0.000000000000000000e+00 8.539507940499027061e-01 0.000000000000000000e+00 1.828298341556046980e+00 1.877128974887480248e-02 -1.118785040820936993e+00 1.512407607090572537e+00 1.246394332298892543e-01 1.831598053268846116e-01 0.000000000000000000e+00 0.000000000000000000e+00 0.000000000000000000e+00
3.046137412537868627e+00 6.190029987147744883e+00 6.767362163436061451e-01 2.265130077519617383e-02 4.256829266533990186e-01 2.816714888477704903e-01 1.285040912438178973e+00 -4.744202491631131779e-02 -3.945232721212303950e-01 4.898475460856104857e-01 5.066532188095904804e-02 0.000000000000000000e+00 0.000000000000000000e+00 0.000000000000000000e+00 0.000000000000000000e+00
1.737051442879757657e+00 2.383360827139677784e+00 -2.101669090993247835e-01 7.035924923452092916e-02 2.293443734105496401e-02 5.108838171497208647e-01 2.835421592175196293e-01 -3.960711429178562920e-02 -2.124606315738202661e-02 -4.936283814330320180e-02 7.082508201818775440e-02 0.000000000000000000e+00 3.156353985776746279e-02 0.000000000000000000e+00 0.000000000000000000e+00
3.162310225019245191e+00 4.669327935099286009e+00 7.484254445403895062e-01 5.902124631116818787e-02 2.170695041074905129e-01 4.662980412972921873e-01 9.120291354214968838e-01 -2.172447185704344530e-02 -6.418629051822934140e-02 1.107318756677392740e-01 2.921769835675584737e-02 0.000000000000000000e+00 0.000000000000000000e+00 0.000000000000000000e+00 0.000000000000000000e+00
7.307492688022779959e+00 9.095837799290546144e+00 -3.604964625009594137e+00 5.795240706203559355e-01 8.523724923904264505e-01 1.502661772731790801e+00 1.826588782558347335e+00 -5.226289575883211191e-02 -1.628353544524238639e-01 1.507868819063053756e-01 3.096822167810042367e-02 6.897878535722101745e-13 6.162665321628180148e-13 5.057610146658175765e-13 5.747511841458496917e-13
1.699555365903361537e+00 3.711835658931945225e+00 1.170633606450211417e+00 1.072884439837048197e-02 1.238807248191513832e-01 1.881243760970518486e-01 6.842180028910644918e-01 -3.679561924925363325e-02 -5.940556285097740863e-02 2.371972520787214433e-01 4.223488619777301251e-02 2.415070639132099739e-13 2.388364842269979915e-13 2.447768008249917582e-13 2.336240467575023683e-13
0.000000000000000000e+00 0.000000000000000000e+00 -4.226407570641855571e+00 0.000000000000000000e+00 0.000000000000000000e+00 0.000000000000000000e+00 0.000000000000000000e+00 1.337411733386125515e-13 3.448170404304312539e-13 1.507265096887235867e-01 1.089111088895032692e-01 9.801999798046351700e-03 9.148533146431953034e-02 0.000000000000000000e+00 0.000000000000000000e+00
4.993106310302724893e+00 5.976524088197758822e+00 -6.150872976872037157e-01 2.153242990216762687e-01 3.622952989802080137e-01 9.082773401700906524e-01 1.183985650907305009e+00 -1.618626053385543995e-02 9.123484571213983513e-04 1.904983661515319629e-02 1.874066791056818240e-02 0.000000000000000000e+00 0.000000000000000000e+00 0.000000000000000000e+00 0.000000000000000000e+00
1.362127647407951558e+00 3.086385563498704077e+00 1.199511213161715162e+00 7.622253659974426399e-15 7.652113747777576636e-02 7.622253659974424379e-13 5.336114584724780396e-01 -1.571070782009151290e-02 -9.671288970100340443e-03 7.972711555564229724e-02 3.994965786688677023e-02 5.987426937367736641e-13 6.011546512321719327e-13 5.851396034716966603e-13 5.818766692436416754e-13
0.000000000000000000e+00 1.286601409008415242e+00 -1.929545624777061263e+00 0.000000000000000000e+00 2.152818938741529742e-17 0.000000000000000000e+00 2.152358152818223402e-15 1.460031681214033144e-15 -5.989772187949399945e-02 2.319592311332629164e-01 4.901338700984712859e-02 2.757003019310219280e-02 5.056241883516499058e-14 6.329153258987032815e-14 4.793604749253610464e-14
1.037951990430141747e+00 1.179114659729842529e+00 -1.736255912198684470e+00 1.298486239389766948e-02 5.740298608406050598e-17 2.087791663745929838e-01 5.740664156062350032e-15 -2.196574247481925674e-02 7.957642580264465137e-02 4.934262788328161453e-02 1.913359799122900939e-01 9.047401499859275553e-14 1.355198944608830836e-01 8.276913225982451827e-14 7.731039793805807858e-14
1.363314866739099740e+00 0.000000000000000000e+00 -4.436451022048222725e+00 3.903444290661626376e-02 2.957503081196687610e-03 3.756492955180701365e-01 9.058939576818487993e-02 -3.161476436941588336e-02 3.672360277226440761e-01 -8.646321702016795171e-05 4.744399280107690076e-01 0.000000000000000000e+00 4.239517709759535458e-01 0.000000000000000000e+00 0.000000000000000000e+00
1.020111530986648640e+00 1.986803158240976863e+00 -1.208389748908942352e-01 8.092343263622896188e-03 7.114840214951935037e-04 1.610239436846379879e-01 3.697321717369767002e-02 -2.100084755872578049e-02 -4.935792504902931921e-02 6.156111005085106169e-02 5.722867498168502515e-02 7.824193766839404596e-14 9.098922787095786724e-14 9.515110054036934883e-14 9.458414411932236643e-14
4.607058092604788158e+00 5.260549853239267826e+00 -4.256858875083935345e-01 2.066136068362371403e-01 2.804735761262297511e-01 8.893163230299270250e-01 1.039383926924855039e+00 -1.386030300681519167e-02 -1.943815883170757486e-02 -1.057779922634098924e-01 1.303163615827662020e-02 0.000000000000000000e+00 0.000000000000000000e+00 0.000000000000000000e+00 0.000000000000000000e+00
4.301769048838705700e+00 5.778488729487002651e+00 -3.691346652127691641e-02 2.001506220155034876e-01 3.358764133316813894e-01 8.749884053457623878e-01 1.139269450024881669e+00 -4.100525765946640838e-02 -7.851635097154302523e-02 1.292605714555641605e-01 2.807816053067248643e-02 0.000000000000000000e+00 0.000000000000000000e+00 0.000000000000000000e+00 0.000000000000000000e+00
7.240892531061552617e+00 6.941210224232785997e+00 -4.015786705247807120e+00 4.903410716794920354e-01 5.176079460110364350e-01 1.380630507300707688e+00 1.419038511405198211e+00 -1.465406763458128592e-01 -2.850201584870603461e-02 -2.573193477138448482e-01 2.824594766196421997e-03 0.000000000000000000e+00 0.000000000000000000e+00 1.302087356831279075e-01 0.000000000000000000e+00
2.623751128389327114e+00 4.513606576561721262e+00 9.241132351084324625e-01 4.343178607870265898e-03 2.092448077239636717e-01 1.133152576103670234e-01 8.950842819396177541e-01 -4.681148832659484324e-03 -7.384455457936524303e-02 1.849569049797509246e-01 3.444598945336139334e-02 0.000000000000000000e+00 0.000000000000000000e+00 0.000000000000000000e+00 0.000000000000000000e+00
5.606994713788597373e+00 6.068598161838179017e+00 -1.524295040422696701e+00 3.323430801361121900e-01 3.713059167602914545e-01 1.133158065628205202e+00 1.198861754998692852e+00 -1.361599448959676176e-02 -2.430924586032469359e-02 -9.397197151216610256e-02 9.857158783781188802e-03 0.000000000000000000e+00 0.000000000000000000e+00 0.000000000000000000e+00 0.000000000000000000e+00
3.251945596115972226e+00 4.371887003229323554e+00 7.107351039196050380e-01 8.114805897616898800e-02 1.976482082026936871e-01 5.500818949053004614e-01 8.693777827634809885e-01 -1.871985704325673100e-02 -8.612796207142479205e-03 1.046585184651489895e-03 2.046558255783890307e-02 0.000000000000000000e+00 0.000000000000000000e+00 0.000000000000000000e+00 0.000000000000000000e+00
7.166817695949960765e+00 8.449342028091477275e+00 -3.370421324628712689e+00 5.791426035149378482e-01 7.822760691228151098e-01 1.502160446984422970e+00 1.749040621541320562e+00 -4.184474972310783802e-02 -5.254644466532019248e-02 1.181873564832313234e-01 1.622574191334525545e-02 4.877773532308005144e-13 3.757041878126032852e-13 4.445005561543036166e-13 3.269897915804398369e-13
6.501983059639666607e-01 1.690218860718162297e+00 -5.537928909449068016e-01 0.000000000000000000e+00 5.981882992874817733e-17 0.000000000000000000e+00 5.980406667387312691e-15 -1.328503021629259297e-02 -5.286143545533227711e-02 1.181919013096526527e-01 5.604967343380228700e-02 0.000000000000000000e+00 0.000000000000000000e+00 0.000000000000000000e+00 0.000000000000000000e+00
2.770253318567524659e+00 3.945133270947950077e+00 8.905481197750315658e-01 2.426491999698804705e-02 1.440287973003530897e-01 2.921861482458424919e-01 7.392861491677902297e-01 -2.234074789290954599e-03 -5.621074811736652063e-03 4.615172901922960647e-02 2.641347748915926635e-02 0.000000000000000000e+00 0.000000000000000000e+00 0.000000000000000000e+00 0.000000000000000000e+00
7.310571989887610922e-01 5.445975603039646673e-01 -2.838185815070962903e+00 2.562444161498379325e-04 0.000000000000000000e+00 1.774986438803642999e-02 0.000000000000000000e+00 -8.644568286780363389e-03 1.508323071205925070e-01 9.709042352561997324e-02 2.598003332595859027e-01 4.399786741535183232e-13 2.091775027286124911e-01 5.678424310623375604e-13 5.641948963861357952e-13
1.172790371216780869e+00 2.521133399378431950e+00 6.454933241667557553e-01 1.567187568429336420e-03 2.462899769146860776e-02 6.166335548246529991e-02 2.945091696080517907e-01 -1.674528977820293960e-02 -2.926303007444275295e-02 6.498684479098600086e-02 4.727248830762568327e-02 0.000000000000000000e+00 0.000000000000000000e+00 0.000000000000000000e+00 0.000000000000000000e+00
6.275422553782933122e+00 7.233794167425377175e+00 -2.057541579669530662e+00 4.213600755622299854e-01 5.676059642320675502e-01 1.278399813830263687e+00 1.486925391215594860e+00 -2.814716559420972486e-02 -2.083933133241099196e-03 1.872421789226059660e-02 1.257476671693355183e-02 3.246459091138520492e-13 3.036361309952106957e-13 3.254986341225118984e-13 2.914479096428890248e-13
5.212604992830631723e+00 5.447922112995044586e+00 -1.359618465078138883e+00 3.638681158685132533e-01 2.935951123801964768e-01 1.186595834917287595e+00 1.063873414488873737e+00 -6.372959162454164272e-02 -4.369371461223022640e-02 -1.729830676189097194e-01 1.000063366781771268e-02 8.295478019781921120e-13 6.991939579398254168e-13 3.330494459281323205e-02 6.683416840791434055e-13
7.657954026757871624e+00 8.934198680747467591e+00 -4.133512859272684636e+00 6.091027269851692072e-01 8.398190309434971912e-01 1.541029478602103708e+00 1.812942190399491560e+00 -3.508193224526186260e-02 -4.767885837624807888e-02 7.084085461293204711e-02 1.978852115429352923e-02 6.094551743157129720e-13 5.922389315071718840e-13 5.454764447749248235e-13 5.590762228169232628e-13
3.587791446002492002e+00 4.712348617383173455e+00 5.023714182407026385e-01 1.046574203975383227e-01 2.182028478758653300e-01 6.273257141183150587e-01 9.144580494311298491e-01 -1.996234956103699540e-02 -5.425729210124525213e-03 2.846088634252693858e-02 2.310453571848571780e-02 0.000000000000000000e+00 0.000000000000000000e+00 0.000000000000000000e+00 0.000000000000000000e+00
5.257492693623357027e+00 6.338363818937029492e+00 -8.535385986177104201e-01 2.895098414878558013e-01 4.238169242433786343e-01 1.056309008498221624e+00 1.282178082697341903e+00 -2.935772664983588368e-02 -9.501090186260087011e-04 4.293510652998687449e-02 1.760378457111917705e-02 1.544376605766561994e-13 1.335692624213069557e-13 1.283696456425009735e-13 1.479494695158511952e-13
4.330619961357081493e+00 4.891319547623198538e+00 -3.183681560636326680e-01 2.432047283129437631e-01 2.319473402057646017e-01 9.665191547497523628e-01 9.434261437981452669e-01 -2.610700701994681308e-02 -3.519305131463575098e-02 -9.754631056006887735e-02 1.383885550338585443e-02 1.233836817438049849e-12 1.122511209417781375e-12 9.782901485427819566e-13 9.738046415248835519e-13
