# w_1 w_2 VF c_1 c_2 u_1 u_2 fut_util_1_1 fut_util_1_2 fut_util_2_1 fut_util_2_2 pen_1 pen_2 pen_u_1 pen_u_2 
9.604009732260722743e+00 7.007770558642794967e+00 -2.456838057574477041e+00 1.000000000000000000e+00 4.874369175202658555e-01 1.980099997500124775e+00 1.376477675781573984e+00 5.929805104771465607e-02 -1.364278186629011569e-01 -7.570805382550560569e-01 -4.313006947988545087e-02 0.000000000000000000e+00 0.000000000000000000e+00 2.689008141305182509e-03 0.000000000000000000e+00
4.548120822691328335e+00 9.115862435140696718e+00 -5.932528756101516088e+00 1.853378931523269324e-01 8.534241157687029178e-01 8.412501541246752979e-01 1.827727910729096017e+00 -1.142093307304581778e-01 -7.591219178933468203e-01 7.144209409862355420e-01 8.069813714323899323e-02 0.000000000000000000e+00 0.000000000000000000e+00 0.000000000000000000e+00 0.000000000000000000e+00
6.386061293213034951e+00 7.832759696642243696e+00 -3.542778523771263899e+00 4.427515103650283557e-01 6.689583060854468188e-01 1.310941813131455413e+00 1.615920063827103847e+00 -4.232635236804863782e-02 -9.252473877593694884e-02 1.603877177650148977e-01 2.023373556092670361e-02 0.000000000000000000e+00 0.000000000000000000e+00 0.000000000000000000e+00 0.000000000000000000e+00
1.768290435342569467e+00 3.476141030923462605e+00 1.345750312956930372e+00 2.163513092555772663e-02 9.681811543583232482e-02 2.748568338670755451e-01 6.026344128332808969e-01 -3.678698774863147641e-02 -6.942983471468156843e-03 1.735471326949911963e-01 4.064998762718371322e-02 3.593373970774138559e-13 3.649067810071460194e-13 3.300356407436033646e-13 3.350361437934323838e-13
5.755565769288494060e+00 2.853679446491186766e+00 1.188651379409323638e+00 1.435184632384652048e-01 2.414213110946646437e-02 7.379405595495750481e-01 2.913986611908659374e-01 1.232917013088792313e-01 -1.253718142546213499e-01 -8.519555300718559820e-01 -2.055162039335073701e-02 5.453354510586566617e-13 5.187373967874275849e-13 5.054424489624870231e-13 5.120794196664113507e-13
4.483628032686894471e+00 1.750403706969988038e+00 1.260495769127308208e+00 1.548951115941438750e-01 0.000000000000000000e+00 7.673893454132376668e-01 0.000000000000000000e+00 8.725667769955261499e-02 -1.488911006396766434e-01 -6.583670610512053489e-01 -9.692794524522683336e-03 7.666827242513996055e-14 8.851007508972651497e-14 9.712749268059317487e-14 9.106725400496009162e-14
3.517318536497691106e+00 6.157172906778237476e+00 -1.191816886594581959e+00 8.871613900045451084e-02 4.152985423720859104e-01 5.760407661299277171e-01 1.269028979152445835e+00 -5.623801196629662352e-02 -3.364339559030305460e-01 3.769386097740322628e-01 4.275358904992312969e-02 8.451678349145549940e-13 8.551114460617070812e-13 7.384064198848530602e-13 7.343519238880991118e-13
4.770540085916501916e+00 4.364145335278950988e+00 6.204017357395841259e-01 2.622272634919018963e-01 1.828468401846317370e-01 1.004357873976205795e+00 8.354465333252323322e-01 5.253875928917582476e-03 -6.708165446888494921e-02 -3.213441197193546706e-01 -3.071180707970264621e-03 0.000000000000000000e+00 0.000000000000000000e+00 0.000000000000000000e+00 0.000000000000000000e+00
4.032291221904388934e+00 2.033944791998589352e+00 1.421401375383217314e+00 1.455050403842058915e-01 2.388576247533979728e-16 7.431655368184509891e-01 2.388725928776993369e-14 6.032176119334679842e-02 -1.278766127713791834e-01 -5.525880999992544007e-01 9.672614401640135598e-03 5.281168297815996837e-13 5.124109720788892069e-13 5.008332073716537103e-13 5.108246275994476719e-13
6.584210450701793782e+00 7.770644041645460298e+00 -3.437875440563598062e+00 5.199108106923453487e-01 6.579885740144840733e-01 1.422235515834674668e+00 1.602453735256381240e+00 -4.334860972446640676e-02 -4.867353176373053619e-02 9.117807973489358564e-02 1.572271640272093762e-02 4.997574348710592806e-13 5.262669640349049160e-13 4.380180300498498491e-13 4.482115633502870011e-13
2.082733282300016864e+00 6.700055658186665930e+00 -2.058271338823979058e+00 1.790052833584944436e-02 5.336059990720276591e-01 2.483322777520168834e-01 1.441104438941326782e+00 -1.044381101672831325e-01 -6.535029698834873280e-01 7.953514245339963207e-01 7.085314142623821976e-02 0.000000000000000000e+00 0.000000000000000000e+00 0.000000000000000000e+00 0.000000000000000000e+00
1.086433942609212666e+00 5.185407257565338490e+00 -2.578082973643986975e-01 9.331737834168029471e-16 2.942057070634093163e-01 9.331813070686735515e-14 1.064999977156840139e+00 -8.516297856306598302e-02 -3.870848040541282065e-01 6.723300110906770266e-01 6.976857830553083450e-02 2.244272082723199662e-13 2.430010402967863747e-13 2.072720644112300509e-13 1.890237098789437908e-13
2.237713016366424057e+00 5.526885560824235988e+00 -5.097346288175099716e-01 5.264433617108356389e-02 3.195590029605577809e-01 4.393227103233578457e-01 1.110768698108458796e+00 -8.679794641327981397e-02 -3.974404414292340704e-01 5.242090591921493292e-01 5.787511346353929609e-02 7.736312946596962670e-13 8.508641924712123661e-13 7.127636425952738053e-13 6.407563282045947162e-13
5.816830479317998126e+00 6.751603252553008971e+00 -1.906962624244894045e+00 3.417983611133751931e-01 4.925405105964396069e-01 1.149441512837839463e+00 1.383767709740828966e+00 -2.338009806128784132e-02 -2.090480843136595292e-03 3.685141779759966082e-03 1.290184272063888554e-02 0.000000000000000000e+00 0.000000000000000000e+00 0.000000000000000000e+00 0.000000000000000000e+00
7.379596668481658739e+00 2.253904627281869910e+00 9.187859278665122531e-01 1.547177152097397590e-01 0.000000000000000000e+00 7.669386414027461463e-01 0.000000000000000000e+00 2.154607535757491477e-01 -1.802039751950091639e-01 -1.223913247107408342e+00 -4.103664457062598109e-02 2.027719355271462298e-13 1.956099051928449593e-13 1.843764941070191732e-13 1.993980008573579578e-13
8.018338373686599851e+00 6.243159389891005162e+00 -1.384497490586319657e+00 3.666351134145332535e-01 3.701801222614810594e-01 1.191173173995472068e+00 1.197013812773362496e+00 9.317082853920093111e-02 -6.511627241315390280e-02 -5.769842426995790419e-01 -2.582339691143998792e-02 0.000000000000000000e+00 0.000000000000000000e+00 0.000000000000000000e+00 0.000000000000000000e+00
1.939390584145533447e+00 1.512066116201447485e+00 1.568529587834328609e+00 7.078463804121505609e-02 0.000000000000000000e+00 5.124843497866018449e-01 0.000000000000000000e+00 -2.449817850115266777e-03 -9.765471076523560279e-02 -1.516533058102912668e-01 2.600458981880266265e-02 0.000000000000000000e+00 0.000000000000000000e+00 0.000000000000000000e+00 0.000000000000000000e+00
4.767155119197958868e+00 9.083766285088218595e+00 -5.857086295731776637e+00 9.000717335982025280e-02 8.535824900630569756e-01 5.803572490795616545e-01 1.827899595476229599e+00 -7.365698945040320689e-02 -5.307354807218667148e-01 6.682171830666305823e-01 7.550127200930140114e-02 4.815727623532634061e-13 5.440572038023505641e-13 4.827768230759171830e-13 5.572051067076477793e-13
5.663479143666243054e+00 4.760451698222209593e+00 2.303636833411299989e-01 2.430512169600702321e-01 2.102636722401103608e-01 9.662073262458564793e-01 8.973092844000443158e-01 4.257945437706041336e-02 -6.409873105977229035e-02 -4.155485234265964278e-01 -9.967037336285350033e-03 5.012231406829881220e-14 6.847061979897706152e-14 8.657815133220059245e-14 6.372409110805277166e-14
7.881378241924767991e+00 3.643089003364675893e+00 6.840906362716960842e-01 1.642770194929229488e-01 8.161739070023918408e-02 7.908687636605929994e-01 5.517257902980045037e-01 2.002884779976402685e-01 -1.352167716729987812e-01 -1.201855061545083148e+00 -5.569269642164078465e-02 0.000000000000000000e+00 0.000000000000000000e+00 0.000000000000000000e+00 0.000000000000000000e+00
2.694754823446287695e+00 4.102716372565468061e-01 2.081355710805254944e-01 3.571443678315438641e-03 0.000000000000000000e+00 1.011858056887302293e-01 0.000000000000000000e+00 1.029886413796224642e-01 -8.205432745130934735e-02 -3.877859481509091655e-01 2.764746434241847559e-02 9.902278107730422274e-13 4.928612605856363266e-02 1.033999979822147752e-12 1.086863374034682654e-12
7.412388191127629256e+00 3.383553814476111921e+00 8.402801442436160784e-01 1.436191028538746361e-01 6.227017306637047667e-02 7.382063273781396262e-01 4.794809701332287122e-01 1.901323956936795956e-01 -1.336492887762808501e-01 -1.152537831149818448e+00 -4.970930083360741020e-02 0.000000000000000000e+00 0.000000000000000000e+00 0.000000000000000000e+00 0.000000000000000000e+00
5.328696690466093955e+00 4.617250823672046423e+00 3.735561166421241808e-01 2.363601712531744337e-01 2.057098478470947289e-01 9.525434583274856593e-01 8.873262668127740449e-01 3.154920975512442299e-02 -6.281279176927026531e-02 -3.939698348830354413e-01 -8.634160085024917761e-03 2.286013988783003326e-13 2.377544775639117702e-13 2.432594327795439826e-13 2.214929628596706834e-13
8.548947693944413118e+00 4.065083430251240082e-01 -1.674858503774967033e+00 2.696623932377554822e-01 1.563019264353072910e-16 1.018773656213076473e+00 1.563057600234557298e-14 2.703104587112423740e-01 -8.130166860502478776e-02 -1.532806924550706773e+00 7.668623977941850522e-02 3.759907437935521109e-13 1.770059986630590498e-01 3.474148061735362084e-13 3.862452166959541922e-13
9.873376414626235942e+00 8.709114403520281655e+00 -5.251444265180310822e+00 1.000000000000000000e+00 7.971356120876216256e-01 1.980099997500124775e+00 1.765761609182614933e+00 5.424714574815685253e-03 -7.161471981054111369e-02 -4.161753247745705875e-01 -2.157074100539002962e-02 0.000000000000000000e+00 0.000000000000000000e+00 2.010497651001954406e-02 0.000000000000000000e+00
7.554053459611136390e+00 2.533535291157885005e+00 9.343684870765045503e-01 1.475830964603777329e-01 1.851062511751843482e-03 7.485921138402265029e-01 6.834167029686902262e-02 2.185714376122915303e-01 -1.708687177488279474e-01 -1.240893843472092417e+00 -4.054639100199729229e-02 0.000000000000000000e+00 0.000000000000000000e+00 0.000000000000000000e+00 0.000000000000000000e+00
1.877214768937600642e+00 9.779364100960821204e+00 -7.539794352887944306e+00 0.000000000000000000e+00 9.772322750171712480e-01 0.000000000000000000e+00 1.957202945646431269e+00 -1.561072444590852204e-01 -1.297226615384490689e+00 1.271722259637308783e+00 2.422717730787529375e-02 0.000000000000000000e+00 0.000000000000000000e+00 0.000000000000000000e+00 9.675640480487436579e-02
7.718448371155090193e+00 3.582786465634047346e+00 7.285740824189499421e-01 1.569751491658929743e-01 7.859033390433838029e-02 7.726543423382196130e-01 5.410365897278081038e-01 1.959549099131868977e-01 -1.334663867512539404e-01 -1.185662896076806305e+00 -5.402057794269236185e-02 8.603346442377646230e-13 8.324082525698606183e-13 7.840875301465266567e-13 8.144297953052714867e-13
5.602137124908780130e+00 7.338247531426941528e+00 -2.777602322259276058e+00 3.195252569391283104e-01 5.924359089457111871e-01 1.110708492827989113e+00 1.519527730375448860e+00 -4.521639615664329453e-02 -1.139137040606691131e-01 1.955583649610966590e-01 2.509993788384092678e-02 6.325183432576153564e-13 6.768430488388738064e-13 5.429298503834001366e-13 5.107256983863731059e-13
4.418539005549521753e-02 5.777977662689077754e+00 -2.230730770945867469e+00 5.549192572878303138e-14 3.860664100733491866e-01 5.549192572878303113e-12 1.222846611508976000e+00 -8.837078011099041772e-03 -4.830981999783969250e-01 1.033957881996033557e+00 8.424158904656017799e-02 1.149767290480254306e-01 1.456570974944781938e-12 1.251236711703651200e-12 8.778153984950742839e-13
5.640446290498005943e+00 4.780489013765616413e-01 -5.236300789355148311e-01 4.532662993218457802e-03 4.915565417921631592e-17 1.161282447532220874e-01 4.915565417921630335e-15 2.394977642329489953e-01 -9.560978027525908474e-02 -9.767989933619494192e-01 1.430386397427358368e-02 2.642560649468439493e-13 7.954709053296236954e-02 2.466763230311863619e-13 3.142453946306655995e-13
1.613826541272650461e+00 9.887440858998742144e+00 -7.819246157678089837e+00 0.000000000000000000e+00 9.706183064710816044e-01 0.000000000000000000e+00 1.950501221854287204e+00 -1.683809918829216323e-01 -1.327558520750056426e+00 1.324191051175448886e+00 2.611825700376657622e-03 5.797006823439958710e-13 6.439907201255534730e-13 5.408378008921573945e-13 1.228943342114537790e-01
5.946903386107853073e+00 1.476557798117563491e+00 8.086093812829204808e-01 1.535865144795663939e-01 0.000000000000000000e+00 7.640583076174125576e-01 0.000000000000000000e+00 1.664672567468091779e-01 -1.856300584647656293e-01 -9.732689468148182366e-01 -4.666041493942753304e-02 0.000000000000000000e+00 0.000000000000000000e+00 0.000000000000000000e+00 0.000000000000000000e+00
3.902152493731735117e+00 8.548127502372393494e+00 -4.938413207504172675e+00 5.806596277717485793e-02 8.332985355931337157e-01 4.623524154422710697e-01 1.805813821943306641e+00 -8.855065764104592951e-02 -7.090614398862652434e-01 8.131311558927660776e-01 7.190751999044875387e-02 3.571231174280195542e-13 3.748839346590093768e-13 3.293231505096909373e-13 3.391902644173105941e-13
1.100630491091294072e+00 8.014711690197604099e+00 -4.393176547031033330e+00 7.286728225708511776e-15 7.849227758667602917e-01 7.286728225708510262e-13 1.752030887393304592e+00 -1.599170432853811441e-01 -9.415903658240976082e-01 1.333055431223185705e+00 1.063516047219235372e-01 0.000000000000000000e+00 0.000000000000000000e+00 0.000000000000000000e+00 0.000000000000000000e+00
7.811347906290387222e+00 7.897177326978257916e+00 -3.646355708574759547e+00 5.554743780566048228e-01 6.639197262651427289e-01 1.470737242593606942e+00 1.609748607636709350e+00 7.881475299885197169e-03 -2.021197079132377658e-02 -1.425530449645756870e-01 -1.842270547986273564e-03 0.000000000000000000e+00 0.000000000000000000e+00 0.000000000000000000e+00 0.000000000000000000e+00
4.026671844216388685e+00 7.164210757843711086e+00 -2.589858117814199723e+00 1.082797903010345175e-01 5.823842720163658893e-01 6.384217224210914088e-01 1.506413781187682099e+00 -6.512185476089013547e-02 -3.956203200628344852e-01 4.950216457531992909e-01 4.760384406245406902e-02 2.150821092950817859e-13 2.283765624527811511e-13 1.762300768097697923e-13 1.647228360657226887e-13
1.169704847708953332e-01 2.540389167038397567e+00 1.324179455822457996e+00 0.000000000000000000e+00 3.161589576780970967e-02 0.000000000000000000e+00 3.361800732027541150e-01 -2.339409695384975577e-02 -1.213437871638874295e-02 2.819031187108299585e-01 5.942338870583938754e-02 3.104281376617939667e-02 0.000000000000000000e+00 0.000000000000000000e+00 0.000000000000000000e+00
1.867763571955316282e+00 1.609469325742077350e+00 1.621488833510047911e+00 6.986863432761902803e-02 1.515285325871054167e-16 5.090326817537135229e-01 1.515340721934617231e-14 -8.165483141262813369e-03 -9.230541294478925018e-02 -1.329445222798066872e-01 3.117408730603337189e-02 7.904516884787993192e-14 7.176316900209429861e-14 6.916266604567455900e-14 6.938362178974589491e-14
4.902018560222440868e+00 1.528233180543824732e+00 1.056495439799451930e+00 1.574166467804681002e-01 0.000000000000000000e+00 7.737682718391541981e-01 0.000000000000000000e+00 1.129271034809498364e-01 -1.656555399261031292e-01 -7.547581243807006679e-01 -2.601766940442588882e-02 0.000000000000000000e+00 0.000000000000000000e+00 0.000000000000000000e+00 0.000000000000000000e+00
2.272554206912348551e+00 4.065151465285867793e+00 9.369456224898087271e-01 1.664639428078598660e-02 1.664346083158661782e-01 2.388163846039623450e-01 7.961732569666877257e-01 -2.383654280344748091e-02 -4.011245877813766209e-02 1.652626944867631453e-01 3.374139971462412207e-02 6.560615765927035881e-13 7.210647552137461336e-13 6.324255897617592215e-13 5.925444054692696749e-13
3.703600735827293100e+00 1.810808360985742604e+00 1.422793982183879535e+00 1.427192363253080576e-01 1.082936176992620812e-16 7.358295327634121197e-01 1.082936176992620620e-14 5.101786492937606526e-02 -1.304656848654030810e-01 -4.973942593217361985e-01 6.590543580278656645e-03 6.570839792413574187e-13 6.392923291640545923e-13 6.238401722286068818e-13 6.351483568419174358e-13
3.957891769394307424e+00 5.125271296490315542e+00 1.494621069115176226e-02 1.435246611027775343e-01 2.685513341172040547e-01 7.379568883797477108e-01 1.016632526249387825e+00 -2.517218011146134943e-02 -2.550588383960425854e-03 9.945742042845834990e-03 2.168916193178994922e-02 8.725846735842474403e-13 9.225795041117867967e-13 7.820355267632332283e-13 7.239005402059905947e-13
6.059232950912898374e+00 3.862746485802519558e+00 7.992529323215293857e-01 1.724323543498427203e-01 1.038898576849245775e-01 8.107402873239276664e-01 6.249501321726752545e-01 1.031403393871774404e-01 -9.543759037980192872e-02 -6.673241592280145795e-01 -2.264874104779860189e-02 0.000000000000000000e+00 0.000000000000000000e+00 0.000000000000000000e+00 0.000000000000000000e+00
5.330648462887509709e+00 1.966370966599643166e+00 1.194083043284166479e+00 1.480958551211522534e-01 1.687004211013590151e-16 7.499251273303139120e-01 1.687140745744309100e-14 1.248479071507028609e-01 -1.541184034830135885e-01 -8.213175879172313065e-01 -1.611224512068168760e-02 3.375659127224928113e-13 3.353001436343008151e-13 3.329513314359600074e-13 3.339044239196388604e-13
4.249489903871942253e+00 8.479292712525143827e+00 -4.780552663484878728e+00 1.275655966553128906e-01 8.245553337203191946e-01 6.946064557655801108e-01 1.796210979547551378e+00 -9.554012767422155605e-02 -6.514473799964436429e-01 7.327509374996741265e-01 6.404622359335908344e-02 0.000000000000000000e+00 0.000000000000000000e+00 0.000000000000000000e+00 0.000000000000000000e+00
9.128475805606138138e+00 3.772248655054769029e-01 -2.520997971584601594e+00 9.999995090963920141e-01 1.303209095746490651e-17 1.980099997500124775e+00 1.303209095746490688e-15 1.544048363788964318e-01 -7.544497310109536670e-02 -1.610470783419406526e+00 1.707947302894634867e-01 1.353936614070221899e-12 2.634030442482782619e-01 2.144359006711649834e-02 1.284090485018745649e-12
6.966728810556178431e+00 1.741622396236963244e+00 7.887719431520778812e-01 1.620044483394783297e-01 0.000000000000000000e+00 7.852449223219993835e-01 0.000000000000000000e+00 2.069029310250591058e-01 -1.946222253744000208e-01 -1.164073090143648237e+00 -5.418806078264052500e-02 1.005647388280239696e-13 1.089347897640074309e-13 1.299529060749815557e-13 1.206828487512225101e-13
1.767111408963397245e+00 1.784699749120599810e+00 1.689743130542497696e+00 7.007184337557666176e-02 0.000000000000000000e+00 5.098002575133045999e-01 0.000000000000000000e+00 -1.784435303978063395e-02 -8.354673279330573910e-02 -1.045421534561963989e-01 3.997267602768974498e-02 4.357844380492581493e-13 4.130844556593147275e-13 4.069498644315716618e-13 4.177230444006715601e-13
6.625198615905678601e+00 6.102147255273012938e+00 -1.137399321545569109e+00 3.960178199004642519e-01 3.629286146340860442e-01 1.238757935436461066e+00 1.185037982074068630e+00 2.353490158852097544e-02 -5.009865586325182307e-02 -3.058357300936414558e-01 -5.366305413419851338e-03 0.000000000000000000e+00 0.000000000000000000e+00 0.000000000000000000e+00 0.000000000000000000e+00
1.665984526441604663e+00 9.666057389859478377e+00 -7.362605052072920486e+00 4.120695416581068771e-16 9.722729487493603218e-01 4.120695416581068120e-14 1.952179944999293371e+00 -1.659547990373008430e-01 -1.281787844884347161e+00 1.313671924841930627e+00 4.688851952816438379e-02 0.000000000000000000e+00 0.000000000000000000e+00 0.000000000000000000e+00 7.768949216280048031e-02
6.706143233921708635e+00 5.565468989149592538e+00 -5.814511112601028486e-01 3.322008791526744886e-01 2.938139685762665154e-01 1.132910888700683794e+00 1.064277578692102821e+00 5.356439742542150328e-02 -6.395410162204093196e-02 -4.748684711775587042e-01 -1.485462889179219557e-02 0.000000000000000000e+00 0.000000000000000000e+00 0.000000000000000000e+00 0.000000000000000000e+00
4.419885821405398652e+00 9.605703615969863662e+00 -6.871992565099977135e+00 1.438893680519274521e-01 9.898540082970690435e-01 7.389188291825506960e-01 1.969929359087054799e+00 -1.190806503443729569e-01 -8.716929842387725058e-01 7.624971458203626540e-01 5.895927430609960995e-02 0.000000000000000000e+00 0.000000000000000000e+00 0.000000000000000000e+00 2.317673541484881888e-02
4.968722487484273920e+00 9.622242167073151720e+00 -6.855610880641321181e+00 1.034897665425756064e-01 9.889232268975903795e-01 6.237075463333905390e-01 1.968993384124983148e+00 -8.051994847140168943e-02 -6.464189389154312293e-01 6.529053214187849896e-01 5.565156408549465361e-02 1.867806040042885307e-13 1.870723628089043800e-13 1.557602788068712663e-13 1.844019641260783576e-02
8.625117636679803468e+00 2.276830419951411333e+00 7.287393698345123738e-01 2.365450016092769669e-01 0.000000000000000000e+00 9.529242278732784621e-01 0.000000000000000000e+00 2.550764701641643484e-01 -2.150621169709418801e-01 -1.477033925322202679e+00 -6.226220785403096397e-02 3.617147542860771336e-13 3.503811004508338269e-13 3.463448332383795014e-13 3.509889781982329670e-13
7.056833280371712647e+00 4.405214232768036808e+00 3.756491859119837073e-01 1.908543358310910154e-01 1.642707999195617552e-01 8.539664486072447991e-01 7.908543167367895199e-01 1.326431976546132152e-01 -9.458933943878267137e-02 -7.932814184653215195e-01 -3.711894642231938074e-02 0.000000000000000000e+00 0.000000000000000000e+00 0.000000000000000000e+00 0.000000000000000000e+00
5.282514054761287881e+00 1.493761346799471923e+00 9.563437231568538976e-01 1.542384677057006270e-01 0.000000000000000000e+00 7.657196008227467043e-01 0.000000000000000000e+00 1.333426511155871297e-01 -1.732445178946553643e-01 -8.351851992491611254e-01 -3.416090710157012461e-02 2.719309152854343381e-13 2.701488689257273805e-13 2.785982165451339476e-13 2.838735462109632027e-13
6.513884093512921858e+00 4.331812212646818927e-01 -8.707673866258911488e-01 4.600606872507568938e-03 1.377143796627446905e-15 1.171228962880509622e-01 1.377142863141605099e-13 2.803616796714102355e-01 -8.663624425293636744e-02 -1.151488249982295375e+00 2.329235967737429067e-02 1.119624466923430095e-12 1.014729122607559847e-01 1.114435095855154101e-12 1.191850964218221917e-12
4.943868480691134160e+00 4.424038145687474888e+00 5.585214157091549225e-01 2.389531115289629526e-01 1.889816481303278062e-01 9.578612198440602521e-01 8.496713062421981100e-01 1.729686185503464743e-02 -6.411243259258010696e-02 -3.496181718004502392e-01 -5.337392300473162675e-03 6.937481188476479765e-13 7.243117780900143465e-13 6.593332650683958462e-13 6.263439203055276572e-13
7.861163532156772327e+00 3.016679391198843874e+00 8.743829416262904886e-01 1.474383122576876648e-01 2.465665658442174613e-02 7.482144626722473379e-01 2.946856755364944402e-01 2.207438263987477056e-01 -1.569771558333160622e-01 -1.272598655576371307e+00 -5.182969553889673481e-02 0.000000000000000000e+00 0.000000000000000000e+00 0.000000000000000000e+00 0.000000000000000000e+00
3.175770222014806965e+00 7.052490424793218970e+00 -2.483338916433798005e+00 2.688288170246608613e-02 5.747016957314688979e-01 3.085293544499342344e-01 1.496314059571298483e+00 -6.708757319036157130e-02 -5.640525030986641708e-01 6.517516482805976175e-01 5.938436198126250537e-02 0.000000000000000000e+00 0.000000000000000000e+00 0.000000000000000000e+00 0.000000000000000000e+00
5.870435501756229302e-01 8.830480305921259543e+00 -6.646708036225064120e+00 9.728158946280608084e-16 7.969438103183362765e-01 9.728158946280606427e-14 1.765546826291608307e+00 -1.174087100351245555e-01 -1.093183142293206789e+00 1.441148388590164364e+00 -4.585477901335140161e-02 5.506847362390224904e-02 8.538024887788653317e-13 8.390787037285765412e-13 1.563090137076742492e-01
5.458175340027917599e-01 8.844199695353282209e+00 -6.756599165240483984e+00 0.000000000000000000e+00 7.970634675538422753e-01 0.000000000000000000e+00 1.765680414657509134e+00 -1.091635068004685322e-01 -1.096209967058675128e+00 1.449320061811987470e+00 -4.866582073316626927e-02 6.330896799549511067e-02 0.000000000000000000e+00 0.000000000000000000e+00 1.590968409646107140e-01
3.046137412537868627e+00 6.190029987147744883e+00 -1.264195630497516376e+00 2.263951939306357158e-02 4.258156917189181989e-01 2.815926486196188572e-01 1.285245034365572581e+00 -4.743326489098965981e-02 -3.944600103370486388e-01 4.896180202046279129e-01 5.064264166667421102e-02 0.000000000000000000e+00 0.000000000000000000e+00 0.000000000000000000e+00 0.000000000000000000e+00
1.045274326901978856e+00 9.768440015027493040e-01 1.329058731480273536e+00 1.985920500756303136e-02 2.805645347591057813e-17 2.625550064442878084e-01 2.805645347591057222e-15 -4.119651440919592719e-03 -9.274800462508643595e-02 -5.421379920154412342e-03 2.049110535964063229e-02 0.000000000000000000e+00 0.000000000000000000e+00 0.000000000000000000e+00 0.000000000000000000e+00
9.900499987500625210e+00 0.000000000000000000e+00 -4.819496106722801265e+00 9.999997457044071947e-01 3.662554290984913293e-16 1.980099997499589426e+00 3.662554290984913214e-14 0.000000000000000000e+00 0.000000000000000000e+00 -1.764786733396981333e+00 2.462397081010310185e-01 2.469113617991486320e-12 3.388480213068390534e-01 1.758484260223453777e-01 1.884029080816596209e-12
7.927999827323570337e+00 9.697580985165906498e+00 -6.846451569128721104e+00 6.573416298251909540e-01 8.810529759351167778e-01 1.601656330173517828e+00 1.857394978085449955e+00 -4.897287139876332213e-02 -1.819071624941112908e-01 6.124101729043424786e-02 4.058380046694387566e-02 8.395389418380805324e-13 9.350357351589492008e-13 6.125217520691617068e-13 5.625875360663608153e-13
4.735875381122182759e+00 5.975186062335508197e+00 -9.132141624990754991e-01 1.287608254865417468e-01 3.653637072437309619e-01 6.979438750860547103e-01 1.189072628583941915e+00 -5.355929150316078753e-03 2.025483093209958299e-02 7.434639655908628630e-02 2.269492143074689633e-02 0.000000000000000000e+00 0.000000000000000000e+00 0.000000000000000000e+00 0.000000000000000000e+00
0.000000000000000000e+00 9.900499987500625210e+00 -9.960834542886120246e+00 0.000000000000000000e+00 7.973020899206160195e-01 0.000000000000000000e+00 1.765948058420922617e+00 1.026116611869895711e-14 -1.307152974380502597e+00 1.558356186842432933e+00 -2.599662256858874532e-01 1.724715200475190058e-01 3.197225470485953736e-14 2.094110965339882699e-14 3.703658103902439658e-01
3.038608584306512039e+00 4.930469311734122506e+00 1.828615532686654888e-01 3.822249873413666177e-02 2.498248279126224491e-01 3.715226647539785487e-01 9.798505978809360917e-01 -2.420528027493194095e-02 -1.317463084548551877e-01 1.787443229410782819e-01 3.432677565029471078e-02 0.000000000000000000e+00 0.000000000000000000e+00 0.000000000000000000e+00 0.000000000000000000e+00
1.788887520977512136e+00 4.688253858829795284e+00 3.512127930580657420e-01 9.137826611748296052e-03 2.300843374186033741e-01 1.722272301710409126e-01 9.395515822431861341e-01 -5.669973856220347080e-02 -2.554260961218678405e-01 4.085710482162299706e-01 5.133308928664966769e-02 6.438945784979083209e-13 6.665475463241143927e-13 6.138472705401881724e-13 5.986947049230195717e-13
2.201689353696415719e+00 2.756470607838323872e+00 1.645451429011737687e+00 4.308177879624679185e-02 3.824908798725839415e-02 3.956045735769512794e-01 3.716593816970137909e-01 -9.823800425656331950e-03 -4.698512658708984407e-02 -1.302862416396837475e-01 2.982219339261880237e-02 1.020411917939875734e-12 9.960490548674427735e-13 9.445788606583099822e-13 9.706751461641127676e-13
3.123853827695000085e+00 4.250425883281348405e+00 8.177936723328418367e-01 6.485970500888132984e-02 1.841898381792246298e-01 4.897439033153860866e-01 8.385807180153876939e-01 -1.503893679077539583e-02 -8.009857266565301517e-03 8.962650185014176679e-03 2.130622083725699362e-02 2.664213251055147502e-13 2.910513626983024515e-13 2.485043149990512346e-13 2.328202734769302396e-13
1.408598996610797238e+00 2.376726921585908148e+00 1.774725170703968402e+00 3.280185347770109283e-02 1.386879124331081951e-02 3.427773613537752340e-01 2.163802797972202430e-01 -3.260091822513604826e-02 -4.594716935362366805e-02 7.271308138451571153e-03 4.598506361281566590e-02 0.000000000000000000e+00 0.000000000000000000e+00 0.000000000000000000e+00 0.000000000000000000e+00
7.523311029702320241e+00 8.784016546726043373e+00 -5.169824217305476921e+00 5.841466470942171529e-01 8.299867582508220210e-01 1.508720626175337642e+00 1.802182448582027696e+00 -3.406974936894534983e-02 -3.262925273278576010e-02 8.565562520882288866e-02 1.737041594300466410e-02 1.049444277138877890e-13 1.274275823748283187e-13 9.897004006262366538e-14 1.209466554685789674e-13
5.387049244323556252e+00 6.119992439722167887e+00 -1.086157974532781623e+00 3.323326857396008971e-01 3.838265859163544347e-01 1.133139563098412905e+00 1.219236999534807353e+00 -2.573734234769463683e-02 -1.834179697823913949e-02 -3.663937833844672920e-02 1.355915551930216012e-02 3.080340344775722716e-13 3.182318774816450535e-13 2.944733487001555128e-13 2.879185605209055865e-13
1.548771441428766105e+00 2.921192379201949407e+00 1.634789173701710396e+00 1.919698443723404091e-02 5.945405543139686139e-02 2.578271754147623551e-01 4.680748043467222730e-01 -3.082821246611387386e-02 -2.378342475466812753e-02 1.726032791070954489e-02 3.730566905970724573e-02 0.000000000000000000e+00 0.000000000000000000e+00 0.000000000000000000e+00 0.000000000000000000e+00
3.454910947982711367e+00 4.652825672598772222e+00 4.640057088370852512e-01 8.353940674300883162e-02 2.140001442960705325e-01 5.584095702184087573e-01 9.054199797448728715e-01 -1.721410161439246300e-02 -1.444340156259054861e-03 4.287315710671678326e-02 2.409016785706297181e-02 1.757523502275183669e-13 1.700818305638840400e-13 1.574736773813679991e-13 1.580668105086169284e-13
4.043335925239688322e+00 5.740084620345593081e+00 -6.553309696985110122e-01 1.501316116044605908e-01 3.328013469077529263e-01 7.551944918352387903e-01 1.133952782642221102e+00 -3.930522151251999996e-02 -9.663422847909894364e-02 1.775969258255484240e-01 3.172710362711921722e-02 2.229514858322068083e-13 2.339454584915356961e-13 2.171262030847137536e-13 2.125150099299699669e-13
2.705373256035419782e+00 4.055851138851847892e+00 9.657038255668535243e-01 1.329433531170596747e-02 1.603274464889248296e-01 2.114678148207039254e-01 7.810688803413357029e-01 6.102382789807486935e-04 2.311948076323116965e-03 7.395078968917767614e-02 2.735308985335492549e-02 9.444965290558368642e-13 9.546267856069823310e-13 9.040910652503147960e-13 9.022979845924039566e-13
7.221166275569994575e+00 7.940732450592883573e+00 -3.711161635852876728e+00 5.776181160911857404e-01 6.734070630719415362e-01 1.500155407974048671e+00 1.621349834974872950e+00 -2.540200387391774658e-02 -1.070035787150623759e-02 1.876482635823646661e-02 9.103027016284010245e-03 0.000000000000000000e+00 0.000000000000000000e+00 0.000000000000000000e+00 0.000000000000000000e+00
2.225304597195932654e+00 3.692069726902562632e+00 1.215591552011174414e+00 4.134386584944105270e-02 1.166559707304123672e-01 3.871553849166350370e-01 6.633921626244725367e-01 -3.267978851191706557e-02 -9.623828970594315926e-03 1.221907996022846138e-01 3.441157816763955324e-02 0.000000000000000000e+00 0.000000000000000000e+00 0.000000000000000000e+00 0.000000000000000000e+00
4.441654508903909893e+00 5.602216867274352197e+00 -4.912316315490894425e-01 1.849030899288690299e-01 3.072210353430149810e-01 8.402398763751145472e-01 1.088731627438894733e+00 -2.560488228932459795e-02 -1.548880040755607965e-02 6.512819486004857439e-02 2.415574703943006857e-02 0.000000000000000000e+00 0.000000000000000000e+00 0.000000000000000000e+00 0.000000000000000000e+00
6.186723442695766906e+00 7.327592121329914221e+00 -2.746074853197296051e+00 3.917995939352129087e-01 5.832655782967836045e-01 1.232037733212144603e+00 1.507568095255306995e+00 -2.983350306063281901e-02 -1.113084967120930684e-02 6.378307120469571545e-02 1.560992417685250905e-02 0.000000000000000000e+00 0.000000000000000000e+00 0.000000000000000000e+00 0.000000000000000000e+00
1.263872124108099682e+00 1.814008621861098680e+00 1.750357686173733995e+00 3.438030356268038240e-02 0.000000000000000000e+00 3.513784177521864782e-01 0.000000000000000000e+00 -2.562630582126264323e-02 -6.621226412880824863e-02 1.095974335219531326e-04 5.009150711252618321e-02 0.000000000000000000e+00 0.000000000000000000e+00 0.000000000000000000e+00 0.000000000000000000e+00
2.670991519274113823e+00 3.722948877946538282e+00 1.201446204095763193e+00 2.683482225244950697e-02 1.164473769433085060e-01 3.082366483138007096e-01 6.627814058450463008e-01 -2.945345615612192120e-03 -1.328766554414856013e-02 3.260854423957824932e-02 2.779128301461831693e-02 0.000000000000000000e+00 0.000000000000000000e+00 0.000000000000000000e+00 0.000000000000000000e+00
6.944125998793864163e+00 7.619533577450485318e+00 -3.195298050285828140e+00 5.841737807638821556e-01 6.243869411126503621e-01 1.508756375717038134e+00 1.560490251055619115e+00 -3.133655498166857539e-02 -1.942222525377390943e-02 -2.061389547872304745e-02 7.942408557735484292e-03 1.475921164797999730e-13 1.169501778405801495e-13 7.138126895123164672e-14 1.036354162209374152e-13
7.726859030837738729e+00 8.993095049887971371e+00 -5.548822935613229035e+00 6.252316756947734477e-01 8.446642836694852052e-01 1.561558671946948307e+00 1.818221478173047689e+00 -3.556483448342502574e-02 -5.320130490081510788e-02 5.977810668148558076e-02 2.033281053901429478e-02 0.000000000000000000e+00 0.000000000000000000e+00 0.000000000000000000e+00 0.000000000000000000e+00
7.672507560128976500e+00 8.529384122898381548e+00 -4.707140018510867385e+00 6.152536876537026966e-01 7.921153225187197444e-01 1.548889952988462326e+00 1.760130165998877505e+00 -2.444875733616053148e-02 2.765693299169103068e-04 2.123006472435301148e-02 9.205212069489475749e-03 1.296907243056311110e-12 1.294631069015395042e-12 1.112463094733728841e-12 1.141390584477597336e-12
5.315946475609496069e+00 6.507486528407855353e+00 -1.579157098767138834e+00 2.905767456372035373e-01 4.504337781695550436e-01 1.058288941565844077e+00 1.322437081980770035e+00 -3.122991767944649499e-02 4.614356874616595307e-03 7.053659894100038075e-02 1.885629246113567151e-02 4.668858344641230174e-13 5.255821819427630714e-13 4.021724630837858472e-13 3.649715078768434040e-13
7.977185516681299049e+00 9.070748185864738744e+00 -5.687728019188834416e+00 6.899843338477026355e-01 8.479538357848805941e-01 1.641426786699898166e+00 1.821797179732582483e+00 -3.427163599642661651e-02 -4.399491920264934908e-02 1.299921165125338639e-02 1.859138716754473591e-02 0.000000000000000000e+00 0.000000000000000000e+00 0.000000000000000000e+00 0.000000000000000000e+00
