#T1 T2 L2 LInf 
0.000000000000000000e+00 1.000000000000000000e+00 2.910938352990217193e-01 3.570093074417898471e+00
1.000000000000000000e+00 2.000000000000000000e+00 1.848224910013653577e-01 1.531038225152901333e+00
2.000000000000000000e+00 3.000000000000000000e+00 1.550345385135579457e-01 1.045697098930639113e+00
3.000000000000000000e+00 4.000000000000000000e+00 1.422011118127727292e-01 8.414870956413421643e-01
4.000000000000000000e+00 5.000000000000000000e+00 9.732174946476052080e-02 5.546228390962468779e-01
5.000000000000000000e+00 6.000000000000000000e+00 7.828194095452564727e-02 4.110528060989527832e-01
6.000000000000000000e+00 7.000000000000000000e+00 1.026820874237116543e-01 6.317917334416274233e-01
7.000000000000000000e+00 8.000000000000000000e+00 4.283598259211096604e-02 2.001921053970852626e-01
8.000000000000000000e+00 9.000000000000000000e+00 2.518805830673651047e-02 1.191035090904525306e-01
9.000000000000000000e+00 1.000000000000000000e+01 3.171522102057922066e-02 1.891324317956191992e-01
1.000000000000000000e+01 1.100000000000000000e+01 2.333033904366639197e-02 1.076430899575696737e-01
1.100000000000000000e+01 1.200000000000000000e+01 3.018837409720193099e-02 1.959425270318416179e-01
1.200000000000000000e+01 1.300000000000000000e+01 2.046496229981809023e-02 8.657007609858627384e-02
1.300000000000000000e+01 1.400000000000000000e+01 2.348356356118060442e-02 1.246331831209904067e-01
1.400000000000000000e+01 1.500000000000000000e+01 2.095639049474131571e-02 1.191161569843634110e-01
1.500000000000000000e+01 1.600000000000000000e+01 2.222543624670936246e-02 1.263789761035857273e-01
1.600000000000000000e+01 1.700000000000000000e+01 1.848225584899466922e-02 9.790548702631378386e-02
1.700000000000000000e+01 1.800000000000000000e+01 1.906738519193659082e-02 1.128242606736393622e-01
1.800000000000000000e+01 1.900000000000000000e+01 1.874738657450977092e-02 1.127290895550917688e-01
1.900000000000000000e+01 2.000000000000000000e+01 3.232576141281143234e-02 1.745267493613163190e-01
2.000000000000000000e+01 2.100000000000000000e+01 1.421535028907105862e-02 7.223163781433235286e-02
2.100000000000000000e+01 2.200000000000000000e+01 6.563670575926228330e-03 3.594088496612725392e-02
2.200000000000000000e+01 2.300000000000000000e+01 3.924278066959357991e-03 1.741179275563803364e-02
2.300000000000000000e+01 2.400000000000000000e+01 2.756833966621435872e-03 1.782790183280444710e-02
2.400000000000000000e+01 2.500000000000000000e+01 3.766248250363356601e-03 4.498726182875736890e-02
2.500000000000000000e+01 2.600000000000000000e+01 2.300879234716363131e-03 9.565558435073128613e-03
2.600000000000000000e+01 2.700000000000000000e+01 2.449927848954668030e-03 1.022246999180400143e-02
2.700000000000000000e+01 2.800000000000000000e+01 2.284652866435032525e-03 8.798340462058917150e-03
2.800000000000000000e+01 2.900000000000000000e+01 2.130174201037791752e-03 1.145206561196506628e-02
2.900000000000000000e+01 3.000000000000000000e+01 1.969361597281480986e-03 9.033813512661494766e-03
3.000000000000000000e+01 3.100000000000000000e+01 1.747252222410745556e-03 7.779133719527618618e-03
3.100000000000000000e+01 3.200000000000000000e+01 1.603511865871875457e-03 7.267533859019415128e-03
3.200000000000000000e+01 3.300000000000000000e+01 1.458998909810604655e-03 5.907215404714599022e-03
3.300000000000000000e+01 3.400000000000000000e+01 1.279309181771859675e-03 6.884735528940984228e-03
3.400000000000000000e+01 3.500000000000000000e+01 1.451138112357936143e-03 7.622187744336651229e-03
3.500000000000000000e+01 3.600000000000000000e+01 1.867698365651039713e-03 8.170929238782749168e-03
3.600000000000000000e+01 3.700000000000000000e+01 2.255889035293704228e-03 1.012345504442532101e-02
3.700000000000000000e+01 3.800000000000000000e+01 2.494226270192247477e-03 1.136189810248412410e-02
3.800000000000000000e+01 3.900000000000000000e+01 2.347113352805207422e-03 1.119493502656193282e-02
3.900000000000000000e+01 4.000000000000000000e+01 2.363110872691364349e-03 1.189283214561233717e-02
4.000000000000000000e+01 4.100000000000000000e+01 2.944071476957864190e-03 1.196778803560768004e-02
4.100000000000000000e+01 4.200000000000000000e+01 2.277508588718619997e-03 1.086622268186837083e-02
4.200000000000000000e+01 4.300000000000000000e+01 1.909327013519001399e-03 8.367389731906454964e-03
4.300000000000000000e+01 4.400000000000000000e+01 1.547884517396184295e-03 7.237333042704761910e-03
4.400000000000000000e+01 4.500000000000000000e+01 1.476366729463981413e-03 8.340203409231848955e-03
4.500000000000000000e+01 4.600000000000000000e+01 1.298674558491095263e-03 5.768543257757394530e-03
4.600000000000000000e+01 4.700000000000000000e+01 1.764986687069043441e-03 1.002094396498670950e-02
4.700000000000000000e+01 4.800000000000000000e+01 1.935291592745166976e-03 1.085727119089267487e-02
4.800000000000000000e+01 4.900000000000000000e+01 1.960863290960392687e-03 9.862431908982805320e-03
4.900000000000000000e+01 5.000000000000000000e+01 1.620934179911096961e-03 1.018416998370646163e-02
5.000000000000000000e+01 5.100000000000000000e+01 1.213778892577088838e-03 6.510744708717106435e-03
5.100000000000000000e+01 5.200000000000000000e+01 1.680945339774427005e-03 1.785564018358314770e-02
5.200000000000000000e+01 5.300000000000000000e+01 1.044796168815192473e-03 6.734885056818266588e-03
5.300000000000000000e+01 5.400000000000000000e+01 1.383548212077965068e-03 1.423419594164656438e-02
5.400000000000000000e+01 5.500000000000000000e+01 1.943011936488705507e-03 1.147935296346554689e-02
5.500000000000000000e+01 5.600000000000000000e+01 4.043774375376438246e-03 3.547833932211559571e-02
5.600000000000000000e+01 5.700000000000000000e+01 4.018344150599301341e-03 2.217284629605944385e-02
5.700000000000000000e+01 5.800000000000000000e+01 1.630487640292195691e-03 1.329431345597110667e-02
5.800000000000000000e+01 5.900000000000000000e+01 9.482399281878154795e-04 5.758259765417458528e-03
5.900000000000000000e+01 6.000000000000000000e+01 6.745633193756580669e-04 4.942287461128238961e-03
6.000000000000000000e+01 6.100000000000000000e+01 6.834234546201297961e-04 4.177623820515815982e-03
6.100000000000000000e+01 6.200000000000000000e+01 6.363635562110466545e-04 3.028488918087788272e-03
6.200000000000000000e+01 6.300000000000000000e+01 5.278994685763821991e-04 2.609297955559679565e-03
6.300000000000000000e+01 6.400000000000000000e+01 5.093238646045831347e-04 2.027874100416094099e-03
6.400000000000000000e+01 6.500000000000000000e+01 5.539919322988597376e-04 3.785236271906956568e-03
6.500000000000000000e+01 6.600000000000000000e+01 7.092461003437170244e-04 3.275235891415425454e-03
6.600000000000000000e+01 6.700000000000000000e+01 7.090284239427212080e-04 3.198350151859634654e-03
6.700000000000000000e+01 6.800000000000000000e+01 5.212313065775072340e-04 2.372370296740524895e-03
6.800000000000000000e+01 6.900000000000000000e+01 4.158637280812268046e-04 2.056965588835727582e-03
6.900000000000000000e+01 7.000000000000000000e+01 1.005739212683173876e-03 6.574784088368933882e-03
7.000000000000000000e+01 7.100000000000000000e+01 9.548154900739102982e-04 8.693971660518369157e-03
7.100000000000000000e+01 7.200000000000000000e+01 6.236416806454855855e-04 4.894488702257934754e-03
7.200000000000000000e+01 7.300000000000000000e+01 3.550069593685320404e-04 1.940788914970831020e-03
7.300000000000000000e+01 7.400000000000000000e+01 3.311431465409542274e-04 1.580595773339625153e-03
7.400000000000000000e+01 7.500000000000000000e+01 4.009097800261081238e-04 2.113316165168158296e-03
7.500000000000000000e+01 7.600000000000000000e+01 8.945642655216400844e-04 4.159994183732274378e-03
7.600000000000000000e+01 7.700000000000000000e+01 8.855738000158482320e-04 4.377975391929606920e-03
7.700000000000000000e+01 7.800000000000000000e+01 7.119576957186285818e-04 3.559157218251342639e-03
7.800000000000000000e+01 7.900000000000000000e+01 5.666218186870854720e-04 2.697808328646255065e-03
7.900000000000000000e+01 8.000000000000000000e+01 5.041184583426267787e-04 2.343449380472010287e-03
8.000000000000000000e+01 8.100000000000000000e+01 5.934283056877097482e-04 3.807486754814349596e-03
8.100000000000000000e+01 8.200000000000000000e+01 6.283626949468504308e-04 4.286830644304296702e-03
8.200000000000000000e+01 8.300000000000000000e+01 6.391247004891352588e-04 5.117646966540079743e-03
8.300000000000000000e+01 8.400000000000000000e+01 6.302490386565940284e-04 4.787164360072860420e-03
8.400000000000000000e+01 8.500000000000000000e+01 6.536442915996093592e-04 4.464250226036626384e-03
8.500000000000000000e+01 8.600000000000000000e+01 2.820676865328037349e-03 1.603210955653008862e-02
8.600000000000000000e+01 8.700000000000000000e+01 3.217071189816553701e-03 1.851719348699425519e-02
8.700000000000000000e+01 8.800000000000000000e+01 3.327679611697845641e-03 2.001388051618571348e-02
8.800000000000000000e+01 8.900000000000000000e+01 3.386695132808909166e-03 1.885118361700040962e-02
8.900000000000000000e+01 9.000000000000000000e+01 3.688042716408551289e-03 1.877657013744821538e-02
9.000000000000000000e+01 9.100000000000000000e+01 3.217223383426948569e-03 1.887723962993416438e-02
9.100000000000000000e+01 9.200000000000000000e+01 3.582532341710692979e-03 1.764338121795529929e-02
9.200000000000000000e+01 9.300000000000000000e+01 2.917621365743383946e-03 1.444652994558271418e-02
9.300000000000000000e+01 9.400000000000000000e+01 1.724326499287296604e-03 8.795461332046830213e-03
9.400000000000000000e+01 9.500000000000000000e+01 1.113854983134070090e-03 5.561551702235863724e-03
9.500000000000000000e+01 9.600000000000000000e+01 9.341474513155144464e-04 5.069762214182919023e-03
9.600000000000000000e+01 9.700000000000000000e+01 6.167411920312679176e-04 3.221657000943832852e-03
9.700000000000000000e+01 9.800000000000000000e+01 4.781122168654239942e-04 1.763975196068237909e-03
9.800000000000000000e+01 9.900000000000000000e+01 4.465810511443730102e-04 1.709078634426799449e-03
9.900000000000000000e+01 1.000000000000000000e+02 6.032261790352455924e-03 4.752984117877232656e-02
1.000000000000000000e+02 1.010000000000000000e+02 1.715344306283397239e-03 8.766832121683556037e-03
1.010000000000000000e+02 1.020000000000000000e+02 1.422847634938620431e-03 7.281373148226033716e-03
1.020000000000000000e+02 1.030000000000000000e+02 1.150351352867228687e-03 5.626660916264807424e-03
1.030000000000000000e+02 1.040000000000000000e+02 1.035689380522387265e-03 5.267093443343273153e-03
1.040000000000000000e+02 1.050000000000000000e+02 9.646172105008669244e-04 6.047996591439893516e-03
1.050000000000000000e+02 1.060000000000000000e+02 1.414527713145649797e-03 7.361564323057749951e-03
1.060000000000000000e+02 1.070000000000000000e+02 8.019958146618134942e-04 3.980342475827788190e-03
1.070000000000000000e+02 1.080000000000000000e+02 7.086826737684918205e-04 3.398195954620858179e-03
1.080000000000000000e+02 1.090000000000000000e+02 6.407381127735991243e-04 3.018526529061525601e-03
1.090000000000000000e+02 1.100000000000000000e+02 5.823039916233815503e-04 3.294737049616586720e-03
1.100000000000000000e+02 1.110000000000000000e+02 6.052714708269019877e-04 3.585999908559035602e-03
1.110000000000000000e+02 1.120000000000000000e+02 5.384396746506325999e-04 2.690383654215417700e-03
1.120000000000000000e+02 1.130000000000000000e+02 5.183553509149864879e-04 2.835216616875958079e-03
1.130000000000000000e+02 1.140000000000000000e+02 4.859485005753896684e-04 3.070351429307353365e-03
1.140000000000000000e+02 1.150000000000000000e+02 5.138978250089591823e-04 2.939841229028348699e-03
1.150000000000000000e+02 1.160000000000000000e+02 8.557865789259868836e-04 1.002205452467950370e-02
1.160000000000000000e+02 1.170000000000000000e+02 8.299533928871937263e-04 7.381297302925054170e-03
1.170000000000000000e+02 1.180000000000000000e+02 6.282468262313775339e-04 5.439460305994837236e-03
1.180000000000000000e+02 1.190000000000000000e+02 4.587526053507525316e-04 3.837508364710452268e-03
1.190000000000000000e+02 1.200000000000000000e+02 4.486588304544456072e-04 3.147080519253898576e-03
1.200000000000000000e+02 1.210000000000000000e+02 3.774418046042172983e-04 2.180136318887934341e-03
1.210000000000000000e+02 1.220000000000000000e+02 2.356090849008022768e-04 1.457189949698476771e-03
1.220000000000000000e+02 1.230000000000000000e+02 2.295762405789521308e-04 1.164290935992508876e-03
1.230000000000000000e+02 1.240000000000000000e+02 2.727021954792082249e-04 2.130648597944178723e-03
1.240000000000000000e+02 1.250000000000000000e+02 2.940448974823385879e-04 2.477328727362189571e-03
1.250000000000000000e+02 1.260000000000000000e+02 2.314319613774071401e-04 1.708529005168239832e-03
1.260000000000000000e+02 1.270000000000000000e+02 2.025334657397045274e-04 1.302446878119590135e-03
1.270000000000000000e+02 1.280000000000000000e+02 1.552936316017849842e-04 9.967722928721051926e-04
1.280000000000000000e+02 1.290000000000000000e+02 1.349616491016654679e-04 6.537711115839276842e-04
1.290000000000000000e+02 1.300000000000000000e+02 1.386321350249375439e-04 8.449859489925578507e-04
1.300000000000000000e+02 1.310000000000000000e+02 1.945754954732005265e-04 9.665760727179647030e-04
1.310000000000000000e+02 1.320000000000000000e+02 2.124613708371688044e-04 9.811143390579186215e-04
1.320000000000000000e+02 1.330000000000000000e+02 1.517912264425278933e-04 6.916638880866769193e-04
1.330000000000000000e+02 1.340000000000000000e+02 8.467073762548292504e-05 3.975164429689897702e-04
1.340000000000000000e+02 1.350000000000000000e+02 6.551080690301341511e-05 3.983200107090750872e-04
1.350000000000000000e+02 1.360000000000000000e+02 6.957408382570480878e-05 3.418167508404205946e-04
1.360000000000000000e+02 1.370000000000000000e+02 8.039621374150016033e-05 4.937726980347329495e-04
1.370000000000000000e+02 1.380000000000000000e+02 6.649330747961765611e-05 4.531841025383642231e-04
1.380000000000000000e+02 1.390000000000000000e+02 4.860559151561681527e-05 2.725075926866810496e-04
1.390000000000000000e+02 1.400000000000000000e+02 8.816249107688645830e-05 6.193426233033656747e-04
1.400000000000000000e+02 1.410000000000000000e+02 8.473991796976919843e-05 4.473003593152941829e-04
1.410000000000000000e+02 1.420000000000000000e+02 8.259929448788039719e-05 4.288280872913438797e-04
1.420000000000000000e+02 1.430000000000000000e+02 8.397899036080695462e-05 4.103333327203133535e-04
1.430000000000000000e+02 1.440000000000000000e+02 8.078432638561371722e-05 4.521806687505729823e-04
1.440000000000000000e+02 1.450000000000000000e+02 7.777886023279805298e-05 4.260584293144235217e-04
1.450000000000000000e+02 1.460000000000000000e+02 7.739278828852760015e-05 4.328348713321683063e-04
1.460000000000000000e+02 1.470000000000000000e+02 8.175486359667808649e-05 4.385155583056860778e-04
1.470000000000000000e+02 1.480000000000000000e+02 8.732168845650518311e-05 5.421755777959737102e-04
1.480000000000000000e+02 1.490000000000000000e+02 1.010825734611057287e-04 6.443140695225166477e-04
1.490000000000000000e+02 1.500000000000000000e+02 1.033678715299656833e-04 6.390938411327156451e-04
1.500000000000000000e+02 1.510000000000000000e+02 1.090119556281773970e-04 6.774544154746680929e-04
1.510000000000000000e+02 1.520000000000000000e+02 1.065230672744725695e-04 6.732895885300871699e-04
1.520000000000000000e+02 1.530000000000000000e+02 9.914594696559700208e-05 7.086691816741372014e-04
1.530000000000000000e+02 1.540000000000000000e+02 9.023738536658209360e-05 5.362032022789942976e-04
1.540000000000000000e+02 1.550000000000000000e+02 8.476888300474060044e-05 4.722670758459763737e-04
1.550000000000000000e+02 1.560000000000000000e+02 7.841279359435430140e-05 4.005652218069517367e-04
1.560000000000000000e+02 1.570000000000000000e+02 7.336831798177085770e-05 3.629813081980506981e-04
1.570000000000000000e+02 1.580000000000000000e+02 6.886685759687033686e-05 3.680057428564584461e-04
1.580000000000000000e+02 1.590000000000000000e+02 6.583813692243395085e-05 3.175616232006720613e-04
1.590000000000000000e+02 1.600000000000000000e+02 6.413728995188177197e-05 3.013766450650541160e-04
1.600000000000000000e+02 1.610000000000000000e+02 5.696166912727570835e-05 2.913269930695224028e-04
1.610000000000000000e+02 1.620000000000000000e+02 5.310635513938289731e-05 2.900048988645920894e-04
1.620000000000000000e+02 1.630000000000000000e+02 4.745129438234882359e-05 2.517684969540135093e-04
1.630000000000000000e+02 1.640000000000000000e+02 5.084102398625605247e-05 3.037156422109756710e-04
1.640000000000000000e+02 1.650000000000000000e+02 4.034635194238745407e-05 2.290035723457735069e-04
1.650000000000000000e+02 1.660000000000000000e+02 3.802067677147572564e-05 2.165812918736014924e-04
1.660000000000000000e+02 1.670000000000000000e+02 3.499416738599652669e-05 1.871283550365326453e-04
1.670000000000000000e+02 1.680000000000000000e+02 3.101559033966941499e-05 1.876916098288071108e-04
1.680000000000000000e+02 1.690000000000000000e+02 3.049559599309099511e-05 1.633795539043533286e-04
1.690000000000000000e+02 1.700000000000000000e+02 2.571155068330409368e-05 1.436465185191779931e-04
1.700000000000000000e+02 1.710000000000000000e+02 2.403115223007447381e-05 1.297893187620347260e-04
1.710000000000000000e+02 1.720000000000000000e+02 2.137664600504660920e-05 1.148921413711576837e-04
1.720000000000000000e+02 1.730000000000000000e+02 2.054110967495273237e-05 1.005044167642129692e-04
1.730000000000000000e+02 1.740000000000000000e+02 1.641787175322443270e-05 9.291225265417495994e-05
1.740000000000000000e+02 1.750000000000000000e+02 1.570695913614713441e-05 9.646183877099242371e-05
1.750000000000000000e+02 1.760000000000000000e+02 1.366550755929751425e-05 7.280422201909699832e-05
1.760000000000000000e+02 1.770000000000000000e+02 1.175926980722966077e-05 6.488910553991556049e-05
1.770000000000000000e+02 1.780000000000000000e+02 1.097945840032451902e-05 5.972431750148189222e-05
1.780000000000000000e+02 1.790000000000000000e+02 8.565582155417922195e-06 5.693849000231102748e-05
1.790000000000000000e+02 1.800000000000000000e+02 7.714654831946894068e-06 4.468776490765067461e-05
1.800000000000000000e+02 1.810000000000000000e+02 6.584138443002468252e-06 3.814239582390602950e-05
1.810000000000000000e+02 1.820000000000000000e+02 5.665222130016414658e-06 2.975497666333923953e-05
1.820000000000000000e+02 1.830000000000000000e+02 2.183103568296013844e-05 1.719217528217061334e-04
1.830000000000000000e+02 1.840000000000000000e+02 5.097693576955459845e-06 3.407731603947095295e-05
1.840000000000000000e+02 1.850000000000000000e+02 4.018703708548513613e-06 2.811359034475540027e-05
1.850000000000000000e+02 1.860000000000000000e+02 3.346017046307243439e-06 2.085994503001090898e-05
1.860000000000000000e+02 1.870000000000000000e+02 3.328062403402191194e-06 2.725623241899217849e-05
1.870000000000000000e+02 1.880000000000000000e+02 2.445690076244538560e-06 1.624823529291959936e-05
1.880000000000000000e+02 1.890000000000000000e+02 2.128857383297309573e-06 1.447902846985091874e-05
1.890000000000000000e+02 1.900000000000000000e+02 1.956604603954556903e-06 1.559066090997644015e-05
1.900000000000000000e+02 1.910000000000000000e+02 1.569692924469806336e-06 1.038014989035012728e-05
1.910000000000000000e+02 1.920000000000000000e+02 1.404112198448386020e-06 9.694345836534423917e-06
1.920000000000000000e+02 1.930000000000000000e+02 1.268357705258839712e-06 1.150393289589961727e-05
1.930000000000000000e+02 1.940000000000000000e+02 1.044214569507635642e-06 8.649423311455658095e-06
1.940000000000000000e+02 1.950000000000000000e+02 9.338414226200865358e-07 7.089900008297666550e-06
1.950000000000000000e+02 1.960000000000000000e+02 8.678685529676777989e-07 6.973783468468672437e-06
